{"mds":[[-0.03278321998934201,-0.0058992747262518325],[-0.02011655183230442,-0.01746023994406057],[-0.0024185462392023317,0.004909301578109274],[-0.028080990224899804,-0.023387066335836138],[0.02949838208299288,-0.0028780689768142117],[-0.01717729031958442,-0.0208693178364807],[0.011858662277758746,-0.015452980152893215],[0.009677894228932277,0.0019426059017970286],[0.0524707191856929,0.0001225916057527472],[-0.025475814598713172,-0.01958847286293288],[0.02532687620881929,-0.013511742804254044],[-0.008889572809809263,0.026218473105571512],[-0.029416941808214147,0.0019675127748324936],[-0.04896331551079234,0.07276388553451675],[-0.022224954050148387,-0.02252232503297955],[-0.023069200633101316,-0.020201455781801058],[-0.0030603532973248315,-0.01577384342851261],[-0.004349202857635359,-0.01634372666822601],[0.33139726739111536,0.05188291106847163],[0.03568855229882956,-0.025410067429853172],[-0.021534323537591073,0.08238623641665696],[0.06789206754948854,-0.031995920915564496],[-0.033689285692818906,-0.027831785445964763],[0.02223957857589108,0.12427284809884637],[0.1915039131352739,0.03005005487639404],[-0.07968909699738184,-0.022131992564542884],[-0.00013966886121694367,-0.014940369078516254],[-0.0364042928876188,-0.008969484494043016],[-0.07384056904987804,-0.03337357546492633],[0.023007355778053625,-0.014536225045918411],[0.18734366420055631,-0.027263492881164055],[-0.05758682294489451,-0.03301826659390855],[0.0363497602149997,-0.012007815209294594],[0.013755098845454075,0.14585873582547873],[-0.0939797860757098,-0.028706670689749792],[0.019057173264251073,0.11387411026259248],[-0.08109609327777209,0.007324848396774425],[-0.09233306290266827,0.00037965949449432317],[-0.06635916984515716,-0.023246791669762113],[-0.007513072598039674,-0.04217906891151503],[-0.09888366356935265,-0.0077483942538619215],[0.11240132616236985,-0.05411567988605932],[-0.03922902948842675,-0.023855902710150683],[0.006682871693145117,-0.05393301471024248],[0.08779973458592066,-0.008741996214070515],[0.18611842974499349,-0.09626776969191596],[0.16431092167819478,-0.04978021348589801],[0.05902980649980641,0.09265764373546821],[0.02395175923148611,-0.003493123628323438],[-0.00963671693371856,-0.016011576708116492],[-0.07363140632430266,-0.016791570070597475],[-0.09535578625889932,-0.008971891885222816],[-0.02495168082673393,0.030031514478972978],[-0.07385160551156011,0.012553859165750851],[0.07205173893812768,-0.020670715792452842],[-0.12870497490112523,-0.008744652674530975],[-0.05442099393337081,-0.01696022428062725],[0.07287629761518144,0.140255974454584],[-0.12306052068810643,0.002293628312456046],[0.07526277549517603,-0.029088939231986393],[-0.04837441580482152,0.011931806987707027],[-0.05939337511176736,-0.009753015614971983],[-0.08517790019811516,-0.00560011883563068],[-0.11897883695014251,-0.004534913113669795],[-0.007762416167718525,0.055409597398623466],[0.068725572259867,0.11253786167702023],[0.06258104729923808,0.034601935043941795],[-0.003363355666078199,0.031717907659142494],[0.0267383786923929,-0.017984738766319855],[0.035254956809986845,-0.002355271160343026],[0.07620158206686853,0.08554914610545981],[-0.12564904317100486,0.0038192729964168864],[0.01764128891152021,0.0027379409379210164],[0.06438207009436926,0.10634028765548457],[-0.10914496285803853,-0.005516341927886404],[0.03704659307477659,0.051088952656213285],[-0.06429502740998484,0.010498422946111507],[0.09821279505244665,-0.06180698576858612],[-0.07304698832595469,0.02243092630771198],[0.04521097898158534,-0.19692790565477464],[-0.13269961181987222,0.009172068850735213],[0.07619683630938703,-0.2288495741755212],[0.010054553412006565,-0.005794298102729409],[-0.07599576908604219,0.014216346980245622]],"labels":["Amsterdam","Athens","Atlanta","Auckland","Austin","Baltimore","Barcelona","Beijing","Bogota","Boston","Buenos Aires","Buffalo","Cairo","Calgary","Cambridge (MA)","Cambridge (UK)","Cape Town","Charlotte","Chicago","Cincinnati","Cleveland","Columbus","Dallas","Denver","Detroit","Hong Kong","Honolulu","Houston","Istanbul","Jersey City","Kansas City","Kathmandu","Kolkata","Kyoto","La Paz","Las Vegas","Lima","Lisbon","London","Los Angeles","Manchester","Manhattan","Medellin","Melbourne","Mexico City","Miami","Milwaukee","Minneapolis","Montreal","Mountain View","Mumbai","Nairobi","Nashville","New Orleans","Newark","Paris","Philadelphia","Phoenix","Pittsburgh","Portland","Prague","Quito","Rio de Janeiro","Rome","Sacramento","Salt Lake City","San Antonio","San Diego","San Francisco","San Jose","Seattle","Seoul","St. Louis","St. Paul","Stockholm","Sunnyvale","Sydney","Tampa","Tokyo","Toronto","Valparaiso","Vancouver","Washington DC","Wellington"],"matrix":[[0,0.05303382740261028,0.14010208606019878,0.046120760702770616,0.1394626869952648,0.07129886215497919,0.05142422846602929,0.21689593342038238,0.09025483008976536,0.049230576455197135,0.09814238084029303,0.1370284291931538,0.05444400864590546,0.10138271636734643,0.05425419788553566,0.05213755736727515,0.05607715991720706,0.05336695403738774,0.24928830691743362,0.09085937185544765,0.12293579068967235,0.2225181244892475,0.0666249976095473,0.190399374547576,0.14084326712452785,0.06498998357411002,0.06875872588779824,0.10211687168490931,0.05139576017417818,0.08630804941321508,0.21487035954036846,0.04262463321917252,0.09698395806924336,0.17648070497957222,0.06990281019501736,0.16052613485973477,0.05480842149139715,0.04153998285080371,0.048874416208517096,0.11065246743338417,0.05120822120973692,0.21700127057615812,0.06370711414325861,0.12670003073047584,0.1083797116142795,0.23324123470252076,0.22170685901901613,0.19232401911610458,0.09244576720950812,0.09772783829670531,0.048169339368792474,0.0633542005513319,0.10821148565180522,0.0502900010146247,0.12935665444061376,0.06425993530053882,0.07189668362419503,0.21001687715861553,0.05125326486781362,0.21380178832845512,0.059924644627830696,0.046791063400160995,0.05530093067968906,0.06026499568667139,0.0931408843482498,0.18860735910198706,0.15066894818237567,0.10379278559649215,0.13016789675106313,0.10874831397774525,0.1942533176031216,0.04493005365615057,0.09262609921035642,0.17772351930247052,0.07053643101920938,0.13096848762083174,0.04642728455925713,0.22979304079596716,0.050111677096641216,0.19658832936405177,0.07154179574383739,0.21541000616517256,0.11779071435741921,0.09560763872537446],[0.05303382740261028,0.0,0.10905645920120025,0.06694148810031603,0.11521357411892547,0.05858091117370026,0.06749214040115761,0.20462923727537669,0.08707723989434371,0.08148791342441036,0.08632771020728855,0.1137905102610531,0.050347924273850084,0.09863934869859438,0.05359531243472548,0.0527143238386249,0.06087539720288631,0.07014165902821054,0.22823595149462386,0.10348753405526065,0.13074244733614132,0.1753519083542167,0.05554590505468866,0.16909806012313006,0.14481024931362974,0.05190362393424326,0.0735687260824258,0.08785403311308279,0.07324823152879496,0.10128542808194631,0.1994247042259976,0.05102912938804384,0.0975429874928089,0.1627003563479971,0.06807142555930734,0.14762406601311046,0.0474335779907793,0.0516547184998607,0.060884815989095946,0.10301567325781427,0.08007680404880023,0.18156768699105566,0.05811230552357015,0.10544982777403684,0.12076895588475271,0.2155899424778878,0.2187630787050249,0.2007879292537104,0.12455976441049128,0.08975758356564435,0.05461181561238658,0.05473071018364568,0.07803532829072832,0.051361242000425494,0.13834605051556403,0.07369692222384464,0.05222027477819504,0.2144402391148634,0.06600487104548765,0.16242071860563081,0.07129873209438327,0.06275373199162416,0.060376209128047524,0.0753500217700518,0.09305094711331606,0.18574352308503445,0.16511313835068184,0.10948858309828872,0.11285310099661423,0.12137577446932729,0.19622168745591742,0.07842326113310659,0.10066143236309966,0.17869256988246499,0.07767059825225285,0.12643663811878786,0.06148956023516714,0.20411942105366698,0.06134000492256979,0.1555197801096277,0.08192155664322667,0.19775453854544148,0.10761315765997534,0.07968083136493606],[0.14010208606019878,0.10905645920120025,0.0,0.10265765857759518,0.05776723845298193,0.07814537388308268,0.08026890651329735,0.3048075566981505,0.08695904406431691,0.12234636557541739,0.05869402289091692,0.0422983487910837,0.09594054423981214,0.08545958134239003,0.11274482598610674,0.10366586564548079,0.09531210605280624,0.08221927793107973,0.3025537154701366,0.12577665330778048,0.16652533278586956,0.11611510531665208,0.09530457376351988,0.12653284145368704,0.12755644894641952,0.13143696807430436,0.08757402952321347,0.15835764459431712,0.1253906758580654,0.08247894960353121,0.1997600471005322,0.08230764956808,0.05425910829028557,0.1705711632366675,0.1390555245020898,0.1381340543227195,0.0989166548139656,0.11367835249887231,0.1037853636552358,0.07258221967457414,0.11539528348248251,0.14601624905921184,0.08136047506193367,0.1009629388395142,0.08651358593106187,0.26265026797084784,0.1641518988505249,0.16011351033880053,0.09177498404346432,0.08275149257296811,0.10922078706805749,0.12681520914927263,0.09876845253189125,0.09889124544079617,0.10678618061383381,0.1314530883728491,0.12787920780327833,0.1847604564410836,0.11470872356507698,0.08978246268520383,0.09918242871268143,0.08820861162552673,0.08773201732981642,0.1376091788413256,0.11144310777313494,0.20306783877823317,0.1213446603624755,0.15892654726441155,0.05115906624164446,0.09950144374446498,0.15271834105415427,0.12689430141083194,0.1554887827375046,0.1796778071761322,0.13881429964753567,0.09483375973152845,0.09145756486322806,0.14606762051141553,0.08124004310137202,0.22987052065851177,0.14393888266807808,0.22881215601962496,0.11513131318255729,0.14172833709010674],[0.046120760702770616,0.06694148810031603,0.10265765857759518,0.0,0.12406162299445841,0.058327934953559146,0.06808348086349443,0.2263938696613861,0.08939588786630141,0.031705354802022856,0.09340567304174886,0.11436833350698977,0.051474073730948575,0.10730735955781787,0.04409846909082655,0.03056813155575774,0.05999014871752852,0.052609698077974144,0.2382467857812112,0.11946200469672429,0.14052960414643198,0.18890685226989237,0.07267132185589285,0.17586428307277926,0.14739424266662876,0.046177073948223395,0.07047242827763014,0.11095415922313888,0.040804419648008655,0.09285270106132613,0.20001955514061825,0.05208779846964954,0.10536655572999278,0.18905096865172344,0.06078516618623979,0.16677063175995016,0.05612033240074267,0.03888548975178586,0.040393251521886615,0.09048045568415909,0.03523107095195426,0.20016725765531238,0.05874361366335642,0.09635682114661578,0.12497371881340517,0.21510276181142707,0.21381845314421233,0.1917086870069522,0.11705256332407249,0.09838748635372588,0.06774088425585004,0.06856944193188294,0.08766115643080584,0.04623001251214568,0.12925582703077929,0.03815583278880285,0.06247096344217938,0.22565318363795836,0.034688163930138044,0.1792651166240324,0.07163056042013527,0.06931950562400084,0.04007672016565287,0.04654707231106376,0.11671604746919802,0.21104176869531016,0.1667130639050781,0.12196489616890614,0.11287633693049813,0.12696147565754107,0.1934514782241867,0.03829055801576836,0.10600477067192943,0.17681334860052522,0.05763649044802361,0.14404366737785007,0.05445625462805748,0.21861203252787015,0.049435720579986596,0.17376304689493022,0.05247106187048888,0.1989823437762932,0.10907454883268719,0.09524717950588328],[0.1394626869952648,0.11521357411892547,0.05776723845298193,0.12406162299445841,0.0,0.12878562276383723,0.08220861369526529,0.16331997772401932,0.08633173784130845,0.15847080360538673,0.07432802698496398,0.050078454271498804,0.08363227572414741,0.0648986748194229,0.11144865899408432,0.1242211062743107,0.12219992947895782,0.09861482928587519,0.18819378763231487,0.0649725262152605,0.04098504215855303,0.13437252245419762,0.13005366837303137,0.12355282079295578,0.15720192484217094,0.1416490470711626,0.06515196558064074,0.11292487217371179,0.1383081382310466,0.08870380394879404,0.16564318874842807,0.08599661907022099,0.05327597524003528,0.10948933470101248,0.15068229309190898,0.08477525725030713,0.11317824231505534,0.11714054955636713,0.11265337662289641,0.08388237423370849,0.14337963145580687,0.13891179390244437,0.07458193909061422,0.08084387493686924,0.10625660441197401,0.18330388450960894,0.19849078509919837,0.19281316364259787,0.09494371576441892,0.10297298944593287,0.10233655973709874,0.12783300845962373,0.0868551926290258,0.10886879931064561,0.12948457238124356,0.1562130733771184,0.117679470557866,0.17137881202141295,0.1415116739791743,0.10584977096626907,0.08439280561096904,0.08914135893509313,0.11258626742043612,0.14636721886948753,0.05935845484779707,0.1409179697235839,0.14561213857021738,0.07935737432569821,0.05284732633451682,0.07305265459822269,0.17956802977483152,0.14875614255613903,0.09582551778932519,0.13991307593267557,0.15141462291027782,0.09867018726159485,0.09632705053893245,0.16384894644873613,0.09990163226999349,0.07886920670750276,0.15594280508843875,0.16451989056181174,0.05119031467055521,0.129772212072453],[0.07129886215497919,0.05858091117370026,0.07814537388308268,0.058327934953559146,0.12878562276383723,0.0,0.062334946467343236,0.193807414706053,0.0987138612108946,0.1044185886182092,0.06551067307296655,0.09581135772876974,0.0794563033127249,0.08531867328451362,0.07401335098942732,0.10586957405694378,0.06096829365405813,0.05876986031826263,0.24408806192493301,0.07888615747643273,0.12494514182006598,0.21368172381480027,0.055064342496702945,0.17808350263675415,0.1501344698195957,0.08080831787257113,0.07191383905280559,0.07057644035154088,0.09802609130487519,0.09023195158039624,0.21016150403289505,0.07879495417846048,0.08516206821696141,0.20194388862918528,0.1116015208353891,0.15072151157902774,0.07975504487606325,0.09575037912641143,0.08908267426166648,0.06247157657767163,0.10409899061047875,0.18470236714336374,0.08272107456930544,0.1011655336327363,0.10950271457965136,0.22932905022271843,0.2203548254454922,0.1911064123484196,0.11781303033416878,0.09718060901288789,0.1005913026182103,0.11079201049593194,0.08485746563781948,0.07302548351359028,0.11456148205966075,0.12403269519238361,0.07556946987586766,0.24301562657085365,0.1127859496307875,0.18286942873992784,0.08627663765086434,0.07871060424407707,0.06685945648235046,0.10762692785718425,0.07842716836291934,0.20667013338678725,0.1651624769250576,0.10028155311862177,0.10571635510958104,0.11787985889462552,0.19183588770529225,0.10236146344170456,0.11426582260387703,0.18458968141091933,0.09675163113833066,0.13434033326368275,0.06475458401641496,0.21909164639686085,0.08032596028362768,0.15223878910064728,0.1213169418540237,0.21059153903945338,0.09768034632740098,0.11892196608344174],[0.05142422846602929,0.06749214040115761,0.08026890651329735,0.06808348086349443,0.08220861369526529,0.062334946467343236,0.0,0.17422235592840865,0.0766670441294514,0.06761917450654747,0.05241900188710037,0.07013478645426224,0.05201239644904542,0.0733040125569306,0.060788758836684074,0.06628454532263918,0.04998618710672797,0.05130813304720088,0.17929931488822465,0.08418942093450753,0.08718362073970015,0.14528725553222901,0.07302680829960842,0.12052193188217881,0.12072301061818572,0.08107818013812057,0.04504028111947902,0.1047960229856791,0.06086198164467411,0.06005538931829012,0.14323364428592794,0.04798715904854276,0.0734043049584723,0.13706661702463666,0.08323409508981265,0.13008804735824384,0.061389503919518223,0.05331605090939885,0.05985921663217174,0.0648839437355142,0.062200034787599404,0.1349522410577582,0.048358802162625905,0.07048630918034371,0.08165881930498219,0.16181367431156668,0.16377267793494094,0.14981166533747173,0.07042667722219575,0.08257880272541493,0.057335534608457896,0.08491098662385221,0.08276430897457047,0.05421830766636531,0.08895663973702098,0.0725817743010939,0.0807972393237297,0.1746833771936507,0.06153381224043774,0.13306118033250672,0.054348276680663804,0.05169259690303052,0.05555018225430083,0.07089124577113953,0.07285590702574332,0.1569696015688359,0.1162034591954863,0.07860936590601697,0.06597897460024245,0.08662696245975189,0.15296773195566957,0.06509331096722008,0.06510445417320697,0.13102848049238255,0.07269750428979417,0.12059447152594786,0.045939481717469074,0.15840651182256535,0.05604555618742947,0.11344521410209157,0.07252725558485136,0.14471100953633098,0.058392423887225715,0.10555763922347394],[0.21689593342038238,0.20462923727537669,0.3048075566981505,0.2263938696613861,0.16331997772401932,0.193807414706053,0.17422235592840865,0.0,0.15151074891987967,0.22981164953404146,0.1673030870744647,0.15187645623145204,0.18607301847661664,0.15612052291726772,0.21706589993529463,0.21890525838340621,0.20314240901097255,0.1963939058004675,0.33491761633425643,0.15426696750629562,0.1609744647240761,0.32008558851160224,0.19520090763195921,0.22143782920802244,0.2653460299478245,0.22788258621004587,0.18710416644149477,0.1731933725531852,0.22507576525288983,0.14293871702860825,0.2800079871212211,0.18671473066100716,0.1322054911006102,0.2453922806041002,0.2457670174982741,0.13747292850702142,0.19650738811341797,0.22012328055571143,0.2051392700971481,0.15589776692784696,0.22812416725759604,0.17461307402151985,0.18034818727671614,0.19382791779564754,0.11258342670499183,0.2982706534059852,0.2854978239868634,0.21294936841979759,0.1689043945181876,0.1906716759029157,0.21223562709201566,0.23968470819513799,0.23652018912105335,0.1971226933021448,0.13716222831209146,0.2454082048303155,0.21751063095935455,0.3042948837009512,0.23685942525283962,0.24014286568927518,0.20926326228139863,0.20472128671345588,0.19242705542012878,0.2430378735696321,0.12892661699446842,0.24768264951331045,0.1878664397887282,0.15586257047906246,0.15865981472921892,0.13010503083336106,0.22368360877275653,0.23099984979353486,0.1705847142019024,0.24448682647860162,0.23819386558274822,0.13384144649549273,0.20607958610102312,0.31348785067309354,0.19211767971567686,0.1371471001478052,0.249573160192104,0.2852490972971053,0.15362000756468075,0.25165102327349204],[0.09025483008976536,0.08707723989434371,0.08695904406431691,0.08939588786630141,0.08633173784130845,0.0987138612108946,0.0766670441294514,0.15151074891987967,0.0,0.18736518094426408,0.08871709646784809,0.10396801998862779,0.09648983548856359,0.08936262171506326,0.1341518167834595,0.1505517092896613,0.15057874932750745,0.13753031184978287,0.17603384244208617,0.09118852924698112,0.1117573447198468,0.10247045618145639,0.11501295868711202,0.10745645805863648,0.1299905378924793,0.16010312087899897,0.0880413207172689,0.07613078977115119,0.1655736395761724,0.06241977716974652,0.15003174977306072,0.11228798830885478,0.0645054620356078,0.09205763603518208,0.17235304180560435,0.08443928246236447,0.11729787965366308,0.14387492516173775,0.14482626632263024,0.08948327045379077,0.17552207770185554,0.11645202838258546,0.08422353590328568,0.12961534895236226,0.06737880814089804,0.16261872145178127,0.18455802787007242,0.16379230225215605,0.08050409055552102,0.06790972155622209,0.10156368617817205,0.13269234867136345,0.07344985500734688,0.10722193388232396,0.10456282427606585,0.18053918799061036,0.08760511816052004,0.17389928719985095,0.1691206193572049,0.0909724040530935,0.10116042531843478,0.11860856387289667,0.14261321596204823,0.1739337711490068,0.08627292534023774,0.11034772443991327,0.12310199032276678,0.09759858759773049,0.0857177988527932,0.07368919184381173,0.15684337719190783,0.1792129578908198,0.07025066712289517,0.12269444859018411,0.17765107531520996,0.06663909013736412,0.12626572115232382,0.14065767487830852,0.1350149110176484,0.09516457014526129,0.18311558211977336,0.1451643852190882,0.0855307404084227,0.13665465584274758],[0.049230576455197135,0.08148791342441036,0.12234636557541739,0.031705354802022856,0.15847080360538673,0.1044185886182092,0.06761917450654747,0.22981164953404146,0.18736518094426408,0.0,0.08296059204143472,0.1112693713758541,0.05487724799541334,0.09664841447579574,0.042213714826079045,0.033758884468712745,0.06055328531965804,0.05675579541940233,0.2293661146376184,0.10100417490880853,0.1331325103773686,0.17889737425625632,0.06763828222874471,0.1718226191372205,0.1477697510326315,0.04510119194673227,0.07443957167079936,0.10080459907788089,0.030512444271008535,0.09769882777028494,0.19458986217190413,0.049956688548368475,0.10023932000386865,0.1683574331041982,0.05531065356577558,0.15385722712073513,0.0503045822610924,0.03451921435077032,0.04061670300902545,0.09603009449634645,0.028941357452465958,0.18363029504344894,0.060957753255727845,0.09978380582077051,0.12493627904269597,0.21266770085374453,0.21336565121146683,0.19469395755524227,0.11885380552339497,0.10322274555645954,0.06519800078114409,0.06608709443693242,0.08797458782599794,0.05261136321879985,0.13838816103608095,0.03137947604582673,0.06792378625448964,0.21563059797299072,0.030425635504914988,0.1675721473288601,0.07671156377760625,0.06659494467673575,0.044121523514202794,0.03359873290104798,0.09588891978836071,0.19152833365102523,0.16577974033932777,0.11165938023162199,0.11249772189229594,0.12449753015716897,0.19066731053946573,0.02918923347549515,0.1102249554494797,0.17766647942650227,0.05041016497598535,0.13600723969590514,0.05487535203286272,0.20410494427678733,0.0497463472859647,0.15568865105131038,0.041293014033994865,0.19902805885638244,0.10466537188572755,0.09498782250836818],[0.09814238084029303,0.08632771020728855,0.05869402289091692,0.09340567304174886,0.07432802698496398,0.06551067307296655,0.05241900188710037,0.1673030870744647,0.08871709646784809,0.08296059204143472,0.0,0.06180735150174999,0.12756877886309162,0.04828984617904483,0.11578878243253392,0.16603865009200944,0.07714816823574766,0.09413119028580108,0.23006140412765336,0.05293688373606025,0.10306045560578118,0.1818766454615505,0.08450475852181354,0.1528746468919991,0.1636791354981529,0.14342275659082962,0.07280878476599643,0.11307886299354113,0.1583691070019508,0.08846122127679992,0.18653769283185542,0.12338694078862707,0.06892486645772063,0.14637353627158228,0.16833075060690006,0.1198076164023578,0.12976011234137955,0.15763354325028964,0.14212002788466097,0.07478518024031015,0.16916122794668978,0.1506484569029512,0.1047983795994007,0.0631541146294875,0.09871043513854816,0.2074936743372849,0.20984885950463222,0.18175081589550832,0.08468621723489836,0.09801990765701181,0.1594260726277488,0.1683800243085929,0.08521314351200945,0.11010035445761704,0.10628523384871257,0.18872057105113435,0.15497858126069455,0.23382684979105414,0.18227293579741172,0.14322268658727952,0.09233770251254723,0.10938772955996272,0.11986433531656099,0.17123479437811123,0.08966830555492569,0.19477509458241127,0.147501628229572,0.10159129099662939,0.05506396169829451,0.07324686368185697,0.1803047804469749,0.1715225514192048,0.0981156544401443,0.16723741606899342,0.1511967222842324,0.11891212422041245,0.09760281472203787,0.20205776647937163,0.12156066853882028,0.10853907658629797,0.18338481861728928,0.18781231049352531,0.052444329330116626,0.14168722080736734],[0.1370284291931538,0.1137905102610531,0.0422983487910837,0.11436833350698977,0.050078454271498804,0.09581135772876974,0.07013478645426224,0.15187645623145204,0.10396801998862779,0.1112693713758541,0.06180735150174999,0.0,0.0922839496253136,0.10315662539290885,0.11948096216035627,0.10707737074090476,0.10120959664223189,0.08428488405168186,0.3140857395615463,0.15024752927569904,0.1895785471740464,0.13292165656610527,0.10365101627971132,0.1087324118313972,0.12336115085792163,0.1335718212781872,0.0878597610941717,0.1712926483630154,0.12155220570427014,0.0958608506835045,0.22488714600940524,0.08361962568908733,0.059814927642693444,0.15202559305813468,0.1380369192286541,0.12290116752882363,0.11200885645314147,0.10930010411052632,0.10129344336720726,0.09836432531540898,0.11476503859765796,0.16903219316652182,0.08900605726507241,0.11912593349183125,0.09911506934460207,0.27742702040961537,0.17657475560742403,0.14234582396404052,0.08041144621974722,0.09063782853911038,0.10559231582693104,0.12673190943300003,0.10625493176174573,0.1080486086372589,0.11692237385433936,0.13052103527002337,0.13962652303203404,0.16473511010076727,0.11567510677037611,0.10018737707524521,0.09236375474367595,0.08596714837130578,0.09235648498732751,0.13125149624311908,0.10285638395448612,0.1871159693319297,0.12420378878455275,0.17322384640697427,0.06398648429745206,0.09976071156454831,0.15838501114659861,0.12266572691835417,0.1419835709138308,0.15946640876601495,0.13861062311351996,0.09291889756354545,0.09022046391974342,0.15472258403986552,0.08350278754546957,0.25221053317272146,0.14080733501028045,0.25371900686008847,0.11799276345909301,0.1373837476215505],[0.05444400864590546,0.050347924273850084,0.09594054423981214,0.051474073730948575,0.08363227572414741,0.0794563033127249,0.05201239644904542,0.18607301847661664,0.09648983548856359,0.05487724799541334,0.12756877886309162,0.0922839496253136,0.0,0.09169666258482159,0.05526688344232807,0.04813331182145792,0.05680704594638359,0.03791755643616424,0.27370838590871893,0.14692057562436917,0.17660125049466696,0.1618936063135447,0.08001994448345702,0.14380581352619748,0.1149624769393251,0.06877306356607914,0.048468109498890875,0.131880573642627,0.046539536080412613,0.0855500716070697,0.2343105516784695,0.03824569660098455,0.07691393132923767,0.16635644355639206,0.07623185995794703,0.13535594497965567,0.08537904575703051,0.0409333497060778,0.03230534729972522,0.09534259101743649,0.04505040260203561,0.1992231373774443,0.048060134896935926,0.09933550389947303,0.10706989425487509,0.24707931961371188,0.20552864969573983,0.17016011798594444,0.0921649384794782,0.09874934990546615,0.053943724968199096,0.07592455254866011,0.06802614010152819,0.07624415717199799,0.12887130388295198,0.06039784394806143,0.09641437365342823,0.2001892843325478,0.054951959609123975,0.14554630174342495,0.06169792164023038,0.06099944962247255,0.04478968661645773,0.05800113038039052,0.09065354676892096,0.19744122509428794,0.15295053230879688,0.14184079319061949,0.10611657134064971,0.103294667887884,0.17658694701753064,0.05345864865427554,0.11009518525144048,0.17221970472351772,0.07624502416353131,0.0993117147097107,0.04858139622599385,0.19084023444619652,0.031133563850593838,0.21033550710659019,0.06956335578066268,0.2308519039913351,0.10424512415230268,0.09449859660469073],[0.10138271636734643,0.09863934869859438,0.08545958134239003,0.10730735955781787,0.0648986748194229,0.08531867328451362,0.0733040125569306,0.15612052291726772,0.08936262171506326,0.09664841447579574,0.04828984617904483,0.10315662539290885,0.09169666258482159,0.0,0.08712170951811571,0.08494941053179354,0.07600270698516748,0.06889236498611453,0.3261151801324513,0.06827322919601356,0.07570114372395756,0.24746314827548865,0.10071611517208764,0.15303986306573272,0.1283962988555133,0.1088264430253054,0.07270849247569046,0.1359414897754862,0.0923823949694193,0.08513275609426162,0.2923156703600825,0.059117509386677515,0.04067190355609927,0.10239692618902613,0.12160210569712032,0.11416085649871174,0.07671204183664879,0.09108817282316523,0.07769738646732374,0.1552516567268347,0.09087676898103914,0.2818144243273256,0.062172247182976106,0.19884606901731855,0.09140483341708158,0.3104541919839297,0.23946359253192007,0.15176225043746588,0.10524988390824072,0.08208011540499191,0.08531804667966338,0.11249540321190986,0.09871295303824754,0.08025253548067895,0.13424269279923487,0.10203263754015411,0.10252049020321677,0.15737227077227484,0.09650694220235477,0.20826339086085002,0.09028745651158218,0.07691369500989204,0.0721766103330685,0.10526792643541906,0.05150824214047647,0.1254460317295534,0.11789136508952859,0.08561567681816679,0.08469734856404092,0.07066637613656458,0.16793809212719893,0.10213407224812711,0.08557576383784929,0.12268152899857934,0.11482984077743394,0.09109487591349183,0.08690470945336648,0.25390467038489023,0.06421555170714136,0.2541293672041278,0.11468882047871728,0.2959941379282562,0.0575547801516118,0.12922652827125938],[0.05425419788553566,0.05359531243472548,0.11274482598610674,0.04409846909082655,0.11144865899408432,0.07401335098942732,0.060788758836684074,0.21706589993529463,0.1341518167834595,0.042213714826079045,0.11578878243253392,0.11948096216035627,0.05526688344232807,0.08712170951811571,0.0,0.039225755006223335,0.05252144839331953,0.03968800694066775,0.23146207606355454,0.10942992251591857,0.13350984506941488,0.18025264355340817,0.07766816921090046,0.16786263906846471,0.14833051396364658,0.05678553574087823,0.06545920261923475,0.1094847874623659,0.041206220827175205,0.08621688377267181,0.19197205191585884,0.04689184223361952,0.10536082321335791,0.1843687511992858,0.06720640648972362,0.16054677460911412,0.058679169192235266,0.04400722551034554,0.03394361913282718,0.08314685229996968,0.03957531215176425,0.19015390436032584,0.052257698059182824,0.08889097086578186,0.1155017443052099,0.20681931705963735,0.20612790383532906,0.18143157076668845,0.10845446138712081,0.08477329154960872,0.0719598084223866,0.07589565223067792,0.07677935995621905,0.05392057617349173,0.12108974362443554,0.042828324982606754,0.06763139146041808,0.21864683060313447,0.04355266612250523,0.1781130355254962,0.06754690841969513,0.07165255905990704,0.045870847845154314,0.047105212354274624,0.10972692487430619,0.2076786431400414,0.1568683028024191,0.11296757926105071,0.09623487664187617,0.11915349233916188,0.1844393492801991,0.043410066926699215,0.10081629295326397,0.1681565908619918,0.06270145253425166,0.1427658479379554,0.058653432059839014,0.21241344796637193,0.04122852444875414,0.16450830818569312,0.05880733085287859,0.18961697953335438,0.09501235419469027,0.1045018464886433],[0.05213755736727515,0.0527143238386249,0.10366586564548079,0.03056813155575774,0.1242211062743107,0.10586957405694378,0.06628454532263918,0.21890525838340621,0.1505517092896613,0.033758884468712745,0.16603865009200944,0.10707737074090476,0.04813331182145792,0.08494941053179354,0.039225755006223335,0.0,0.058985098038414216,0.049986491894421614,0.22867237729875606,0.10091460849576135,0.12640120390281567,0.18825762225660087,0.06650234127705752,0.16648638740886273,0.1477172535714066,0.0480349049530011,0.07049911421766421,0.10034841550669352,0.04643722154196701,0.08787524647748693,0.19024561590663608,0.04455836730075801,0.09743954292220405,0.17342990966730215,0.05948386891892973,0.15356645768020152,0.04252567238348749,0.034518132919953114,0.035244350092362015,0.08622656656628322,0.04703174002624664,0.1860339489126774,0.05891861631636432,0.09396577654479599,0.11486480681500423,0.20597448664642934,0.20754660552146192,0.1902638191377432,0.11681458886800533,0.09870293556302387,0.06675087472257349,0.06418376325092418,0.08811677394292754,0.048433213760136096,0.13207130098526954,0.045384745000614915,0.06765465376176857,0.21635137522140407,0.038474948606030984,0.16841019543505634,0.07570491851726482,0.06497423213559994,0.03446208044576924,0.04815697639597906,0.09490180312051519,0.1973924358861343,0.1618155040718788,0.11457728910514328,0.10802791220887636,0.12234954665839036,0.18826121362054837,0.04718898641672235,0.10255424795212584,0.17050899677450942,0.06112516056806051,0.14196984698645515,0.05199389255346282,0.20808375352871328,0.040337987526997125,0.15804458086330267,0.05510101828931123,0.1902301530708456,0.10013095723965518,0.08838579591412099],[0.05607715991720706,0.06087539720288631,0.09531210605280624,0.05999014871752852,0.12219992947895782,0.06096829365405813,0.04998618710672797,0.20314240901097255,0.15057874932750745,0.06055328531965804,0.07714816823574766,0.10120959664223189,0.05680704594638359,0.07600270698516748,0.05252144839331953,0.058985098038414216,0.0,0.04729725432520956,0.2039122999215022,0.0839085084814238,0.10964145590527305,0.16802980083537422,0.08086934230047213,0.14207787062948846,0.12813172549329072,0.06593639657014247,0.04210436955397948,0.10555418435456904,0.048443628514439355,0.08280538934418168,0.16398977423860453,0.051593337176551894,0.08661604356812559,0.15372581737529287,0.06595290055952406,0.13077954220168234,0.06248760702045851,0.05462767987391373,0.05129013678146503,0.08633869638870051,0.049180188440797815,0.16261998291478355,0.05281721433670741,0.08116143422684373,0.10672524408614986,0.18059748626587005,0.17973904925734788,0.16053062410172372,0.09171195580907635,0.09980985372800329,0.061074610340831705,0.06819266871373836,0.0824048666993528,0.06360764829321862,0.1137752868980291,0.05883702600825099,0.08276950622735917,0.19448787287474162,0.057808842589099234,0.14802885260974413,0.06802274886321459,0.07368487661630728,0.04864382896270009,0.056283549639812885,0.08794628623056304,0.17598078642267123,0.13426685315356227,0.08993701112229045,0.09685987150940334,0.10502100435925692,0.1560279087937651,0.05534982869963242,0.08712110022832971,0.14449057204261134,0.06324950941401236,0.1317098441589517,0.05078951196816311,0.18260038354573854,0.052115067170945995,0.1337872401065107,0.06874590860788676,0.16717450723468044,0.08523034253616099,0.0938542589657678],[0.05336695403738774,0.07014165902821054,0.08221927793107973,0.052609698077974144,0.09861482928587519,0.05876986031826263,0.05130813304720088,0.1963939058004675,0.13753031184978287,0.05675579541940233,0.09413119028580108,0.08428488405168186,0.03791755643616424,0.06889236498611453,0.03968800694066775,0.049986491894421614,0.04729725432520956,0.0,0.20070610965938834,0.07561294443927596,0.10145323340031377,0.14716577192905475,0.07557429574199699,0.14634211816636192,0.12932118362700287,0.07116046385634658,0.059633763632746944,0.10203417297334443,0.04490842379674994,0.07950735492494104,0.1711075850975686,0.03733423282728865,0.067796078878627,0.13520021690997167,0.07767369146757144,0.12558797169754782,0.06409735784773522,0.0456105907574683,0.03530253309617381,0.05910412946734398,0.04976498564350432,0.15345228474516026,0.045213395059794256,0.06590188909780267,0.10252137222238127,0.19265673997463778,0.1991919312998438,0.18834411452143215,0.10803359710573249,0.07635625764256102,0.06295940556830465,0.07927946935703055,0.06372137918551417,0.06222198781860519,0.11858027979922095,0.06712780324338441,0.07950817726025884,0.185803536603154,0.06214375665265211,0.1336839815016273,0.07257160155956284,0.05649523644689973,0.045562450676639374,0.05561619659785532,0.06947874441662164,0.16010735143962324,0.15189044796962498,0.09876596402440896,0.08293219377218256,0.10047814216855774,0.18226323840727807,0.06153998698803055,0.09331162998365876,0.1639631373349517,0.0692946697775859,0.10853744111475676,0.05009445483241613,0.17458320568224625,0.03386169193602731,0.12339105529207385,0.06899418437619695,0.17163808049046164,0.07774271027132308,0.1065648678642875],[0.24928830691743362,0.22823595149462386,0.3025537154701366,0.2382467857812112,0.18819378763231487,0.24408806192493301,0.17929931488822465,0.33491761633425643,0.17603384244208617,0.2293661146376184,0.23006140412765336,0.3140857395615463,0.27370838590871893,0.3261151801324513,0.23146207606355454,0.22867237729875606,0.2039122999215022,0.20070610965938834,0.0,0.28530782997797094,0.18482270743712156,0.15135318600343237,0.335097818957949,0.09363937765043585,0.17514434757085517,0.38885389741983206,0.2706379443623331,0.32435608249811776,0.4053798265490712,0.2633935116444327,0.07681683673385242,0.372324829474567,0.27078236170800224,0.17393768814126626,0.4099939344213447,0.16878371367778924,0.3967113141249272,0.4032406832319422,0.3794725864551324,0.2936978008776454,0.417054334247738,0.09947852588192016,0.3343793567273861,0.2698572982233221,0.2122330844843381,0.05681785187049244,0.10485783293094245,0.11779517741870214,0.2224119593506203,0.27444152879463457,0.3862588885481028,0.39808817938660623,0.26236604874289843,0.3697291204713026,0.23979081398186516,0.432507600368061,0.36848181783941825,0.07372823981103702,0.42549345109853653,0.15857704953241025,0.320529253962751,0.3547298418853166,0.3864172454671216,0.41377578147342164,0.2685932001060629,0.1013884284864191,0.12567620644070207,0.2344403993729819,0.25613486978074895,0.2409801756307049,0.1094661604934768,0.4251042743411143,0.22924504599815157,0.0960670490638451,0.39175538746421634,0.19473944757398154,0.3362371489157159,0.12170267932453438,0.3666112849936835,0.19326511518287617,0.42855589642315417,0.09198859176624855,0.2734777934407361,0.3587109811260027],[0.09085937185544765,0.10348753405526065,0.12577665330778048,0.11946200469672429,0.0649725262152605,0.07888615747643273,0.08418942093450753,0.15426696750629562,0.09118852924698112,0.10100417490880853,0.05293688373606025,0.15024752927569904,0.14692057562436917,0.06827322919601356,0.10942992251591857,0.10091460849576135,0.0839085084814238,0.07561294443927596,0.28530782997797094,0.0,0.06195267510600328,0.11537216873710329,0.10196710268217696,0.14282996644755075,0.15809621762682374,0.17139470822374797,0.11945469094463991,0.09646059948521526,0.19036755262198982,0.08819218521880731,0.13008269633953226,0.11379275946457326,0.05951807737264471,0.1461441395185978,0.18833247110908546,0.15702092245419866,0.10228814365983498,0.16312336111148854,0.15349262299693134,0.0677616874135276,0.18211327504833996,0.11719294563751836,0.10736643121029894,0.058861374708470936,0.08485967830685047,0.17713721112539224,0.18604753036822605,0.16127921018944907,0.11176831874434003,0.11061818461575336,0.10990098810973363,0.145512730785483,0.15105229709628165,0.1094316790783948,0.12355736276403136,0.18669897384548098,0.11320918191819845,0.20428888156570824,0.17228069820394945,0.14780139071462975,0.1214516777113134,0.1045640781840357,0.13849995367120688,0.19345616468457613,0.0496728260192713,0.20153035567497887,0.1296080517198168,0.08571653844878747,0.05682159745338415,0.07784052023174348,0.16611380276976567,0.18862547191136605,0.09755733621990358,0.13483741079214212,0.1967019078663859,0.12824817769707275,0.15774037148712056,0.16891133115800347,0.12396458547813405,0.10451716501142772,0.19948333417876682,0.13793766287900291,0.06391001386828292,0.1597249079596309],[0.12293579068967235,0.13074244733614132,0.16652533278586956,0.14052960414643198,0.04098504215855303,0.12494514182006598,0.08718362073970015,0.1609744647240761,0.1117573447198468,0.1331325103773686,0.10306045560578118,0.1895785471740464,0.17660125049466696,0.07570114372395756,0.13350984506941488,0.12640120390281567,0.10964145590527305,0.10145323340031377,0.18482270743712156,0.06195267510600328,0.0,0.29696167120424166,0.1364259680355515,0.18614213916763955,0.13817194866912522,0.1450265057564129,0.10757014972209296,0.12670611666406287,0.13187624149109584,0.0767792529067957,0.3019786589860276,0.100370964087991,0.07388131762110534,0.11734730911944524,0.15520939614292373,0.13642582896078229,0.11047817278884793,0.1246403947357795,0.1099605628030797,0.14635463724636885,0.12929638787566142,0.2615081087504965,0.09147842568340368,0.20483254291413494,0.06645919935240678,0.322508135283382,0.2915872296415075,0.16303775902326328,0.08525629332266432,0.09147779934820516,0.12153872969163845,0.14817724105142643,0.13519666818623158,0.11613993200080287,0.1346001544866638,0.1423111808713016,0.12638707439542493,0.1601894955606391,0.13137471042087842,0.25851984778605436,0.11288531080944617,0.10868312786753993,0.11382101189602419,0.14147137753970299,0.10089913422562434,0.12118161839020639,0.09986394391601677,0.08876953976520778,0.1277355873911403,0.06905933520120898,0.19573307094020573,0.13635005107889644,0.08818136901852293,0.1294782290121734,0.15500126892116153,0.08170393944684738,0.11624417006735387,0.3070375561502132,0.09782504921262285,0.2269754437909214,0.15493644112568464,0.3026376437899549,0.09544186721323304,0.1611792870699383],[0.2225181244892475,0.1753519083542167,0.11611510531665208,0.18890685226989237,0.13437252245419762,0.21368172381480027,0.14528725553222901,0.32008558851160224,0.10247045618145639,0.17889737425625632,0.1818766454615505,0.13292165656610527,0.1618936063135447,0.24746314827548865,0.18025264355340817,0.18825762225660087,0.16802980083537422,0.14716577192905475,0.15135318600343237,0.11537216873710329,0.29696167120424166,0.0,0.17828969204210438,0.1530387985876762,0.16221801738161057,0.21000691469895988,0.13838283760207512,0.19593241159490657,0.2014883629919567,0.133274587698116