{"mds":[[0.01138882240180664,0.1160768249354055],[0.12630453779947248,-0.015585095998410816],[-0.010338653481336488,-0.07613425747147157],[0.08384999465790578,0.010869485463824956],[-0.02625426736687071,-0.02533414031795789],[0.001053706438261493,-0.014483283069109603],[0.05574060723880931,-0.025931664372342702],[-0.17866060113403354,-0.14949744824129968],[0.07141207776737071,0.062220850366180705],[0.10851334300612052,0.05933668181777664],[0.03521110685910456,-0.07604946591055098],[-0.10633902674013981,0.04560793872698906],[0.19199096360983298,-0.04731160484161577],[-0.03889528106543369,0.006310977259865388],[0.056014367950577626,0.1383172141277111],[0.0470118301100778,0.1322611410421203],[0.15550755833800173,-0.0728070308558586],[0.06728225033400517,0.05300637327652648],[-0.35812061545558105,-0.03344212481359816],[-0.015242188502692064,-0.05196812094514189],[-0.10792376073552824,0.024131955929025443],[-0.17401322662444502,0.036165295601963604],[-0.03757235877059347,0.040293733151116166],[-0.15824669004544753,-0.018747921399001347],[-0.1931813309043727,0.0869072688044039],[0.22642202067963885,-0.06264786286185928],[0.0932604219326929,0.041158149164082565],[-0.1259853661486583,0.07936890355673815],[0.20486898986627178,-0.015850348239725302],[0.01016170133131443,0.10105744407624506],[-0.14425333235402085,-0.11158346960752463],[0.14232181781903316,-0.0010370214150666394],[0.04913904845347592,-0.020162496205054118],[-0.08679535683545984,-0.08426522045654206],[0.2823824514666863,-0.0893006981733215],[-0.19014801808549972,0.055024710828950316],[0.04893420389643688,0.007007634589734452],[0.1484724719386222,-8.65971114581522e-5],[0.07282855549697034,0.13969641152356682],[-0.017468913902177034,-0.006060242903744908],[0.0897177581929021,0.12575379853530178],[-0.17056096567665838,-0.013675660948586065],[0.18583161582876093,-0.08999713436435296],[-0.03181448269397829,-0.08466789391294743],[0.00530443805858096,-0.00461511038032582],[-0.2811995999875845,-0.02499179784556685],[-0.2399160914329304,-0.0454887015658461],[-0.16731005087601952,-0.028230119063204717],[-0.03441919294854766,0.09124881495516994],[-0.027532474207800937,0.13722521062390972],[0.11270909724226821,0.03295533342025826],[0.17525666410352048,0.008211221527532168],[0.004984091379478855,-0.010920193649689674],[0.02243536221943141,0.0785744871181102],[-0.059038856816762686,0.038783305827379766],[0.12917705413668099,0.07791345858161455],[-0.031094798704088652,0.061359123680297646],[-0.3017348883344719,-0.0036661002390770605],[0.1858676551705624,-0.023441334621326464],[-0.11869032614049285,-0.08437423412589966],[0.10332124856819679,0.03578805051404002],[0.19638312930069818,-0.11183978468989844],[0.15951826270325334,-0.06774853406024195],[0.1320807759503371,0.06436383279549193],[-0.05705947822003371,0.077232907326182],[-0.19295414812239575,-0.08720560731184886],[-0.10328089343823824,0.04803670582161858],[-0.05316609835804155,-0.04203034268204297],[-0.0012918215459359302,-0.11671831206899592],[-0.07234825253353977,0.07254309236278166],[-0.09748542243039,-0.16525733109457394],[0.22535149216138828,-0.09000406800159612],[-0.030783411347833387,0.07325505925204778],[-0.14681235704331144,-0.04367703147180353],[0.1376813740483032,0.09354660883628566],[-0.08473354240002534,0.13839528999046896],[0.13180882338202585,-0.05658901085157596],[-0.27360943027353163,-0.01956383648624772],[0.13773042048182577,-0.005043656294498861],[-0.1264027903287753,0.002762214355210889],[0.2821154006942176,-0.0983659489882203],[-0.19278191538065953,-0.11828422942133693],[-0.02546108642148904,-0.040324606693530114],[0.18357385080090424,-0.01776081372203762]],"labels":["Amsterdam","Athens","Atlanta","Auckland","Austin","Baltimore","Barcelona","Beijing","Bogota","Boston","Buenos Aires","Buffalo","Cairo","Calgary","Cambridge (MA)","Cambridge (UK)","Cape Town","Charlotte","Chicago","Cincinnati","Cleveland","Columbus","Dallas","Denver","Detroit","Hong Kong","Honolulu","Houston","Istanbul","Jersey City","Kansas City","Kathmandu","Kolkata","Kyoto","La Paz","Las Vegas","Lima","Lisbon","London","Los Angeles","Manchester","Manhattan","Medellin","Melbourne","Mexico City","Miami","Milwaukee","Minneapolis","Montreal","Mountain View","Mumbai","Nairobi","Nashville","New Orleans","Newark","Paris","Philadelphia","Phoenix","Pittsburgh","Portland","Prague","Quito","Rio de Janeiro","Rome","Sacramento","Salt Lake City","San Antonio","San Diego","San Francisco","San Jose","Seattle","Seoul","St. Louis","St. Paul","Stockholm","Sunnyvale","Sydney","Tampa","Tokyo","Toronto","Valparaiso","Vancouver","Washington DC","Wellington"],"matrix":[[0,0.18496053965582931,0.18111768291562172,0.12078818232610755,0.1626886912289999,0.11012017690385142,0.1492600568382121,0.33876041149363556,0.14311147443082833,0.08990395211511246,0.17811875942677607,0.1674070053637569,0.25118134637758766,0.09650591561365385,0.07871249278896894,0.04890360248943537,0.2516576733387986,0.09088721683917154,0.34484629251993576,0.13741944912787113,0.1632908355608329,0.21961821203006238,0.12297031362676479,0.2303890508489034,0.3033954187599871,0.27814653704321496,0.17932030483257635,0.16581827906500737,0.2159927465543427,0.15895280904598377,0.27343704749031567,0.16664998341191883,0.15580285870744817,0.2526099775635175,0.3453145427675812,0.257090749820758,0.10285324099682043,0.15585076434596978,0.055506486576636926,0.1758337482378433,0.06634685670045708,0.22187471775565853,0.27741273148571644,0.2167289017961819,0.18524919417928548,0.30692485258542307,0.2925001323379817,0.23985060811067452,0.1399248489107379,0.16989658120087617,0.11195157437307393,0.16897720699148205,0.17366640739500558,0.07007301613883811,0.13379099663294142,0.08624510103882194,0.12431809664827058,0.3629161233199015,0.20405430347230513,0.2738409004575698,0.10207285099832081,0.30510729855470614,0.2492586435115613,0.09911419905368923,0.09507443489919326,0.3145991467015095,0.19627670471197695,0.18528193876592655,0.2211107024502828,0.16194068070713744,0.3221805438173798,0.27705259762228,0.11918655021648027,0.23621416283484725,0.08825545086168136,0.18888545966711695,0.20399798666027086,0.31531737593156794,0.1678436219459661,0.1662665215855042,0.3383521549977518,0.30489608739154933,0.14427904232169989,0.21566417802473747],[0.18496053965582931,0.0,0.12341286297022444,0.09796156539150863,0.1709285958016051,0.12352337775720192,0.1067798380995197,0.3595453855238824,0.14187425292188285,0.10069343373205662,0.11294478477736718,0.24558206979544925,0.10618851472415695,0.1647506820131953,0.17148756656724318,0.172994399043755,0.11781001636883084,0.10499992106145928,0.49551663017588693,0.14589814737244505,0.2475413962247587,0.3523414632556449,0.17858364265358978,0.2851252847757773,0.4513050558767795,0.1513275820093636,0.12943633773301083,0.31243696344004884,0.09139795940307908,0.20356623068293203,0.30001521108433493,0.07329684017245347,0.12570073348618532,0.23102033934950936,0.18118663693478787,0.3305180679392763,0.07215488957499787,0.07768167917171578,0.16508712190804398,0.18118754850184715,0.139446544148471,0.3216493859522755,0.13625213906259542,0.1944751263966859,0.1856831069621006,0.4384347854987719,0.35590222127555254,0.30447420997789304,0.2179754415736785,0.22783243427529298,0.07721656677724405,0.10153300767538187,0.16486221655634867,0.159351228117087,0.2154474929819331,0.0877453540408176,0.2019708654319075,0.44384505111153516,0.07892676535956522,0.25544633933643046,0.09269957778065473,0.15486737504638684,0.1253530182685934,0.08542911701502796,0.21800671185318526,0.31625497463653635,0.26517987837797696,0.19947638141691879,0.15385454945217247,0.2371724027070214,0.2598562387760742,0.12803945014466572,0.2167271781547713,0.28714779569951926,0.1024346422033238,0.32060136018223795,0.10095556861720886,0.39756887684597164,0.09246233897999287,0.26669121921828665,0.17729641896404932,0.31906368881189967,0.13569814351718143,0.11106233380400223],[0.18111768291562172,0.12341286297022444,0.0,0.1234820386430443,0.06644363277981134,0.0628315040287408,0.07663008848136457,0.1773890465464673,0.1720452741419591,0.12828708533189162,0.06269166042334431,0.1428594128844955,0.1534978102106134,0.07733931636323355,0.19712536663219002,0.18683310148342644,0.13810463798223607,0.12572226174049195,0.28847802786657395,0.06893868389974983,0.14735066843140873,0.20151484741627254,0.13782979901430145,0.12758894495797807,0.300556073243934,0.22548276454750033,0.1618096781943088,0.2261628235455635,0.16090423845676577,0.19188609156531958,0.0812081924958269,0.11708066077187619,0.0813247722700593,0.08421508702695282,0.2657204252028926,0.22947721672977947,0.09676506055531849,0.11630645801062113,0.191920437002767,0.10396932602623779,0.1860986386578492,0.15057051752262549,0.1624621784811481,0.08020629543971343,0.10663048225053971,0.23588480938956882,0.15530944381840822,0.13567668499224364,0.17080048500871423,0.22921994016496955,0.11314963093308902,0.14682084662981826,0.0926974926646298,0.1749887581273653,0.12011358904566409,0.14619827595608945,0.17187689873083495,0.3017807416187634,0.14336412178735478,0.07457813212027849,0.11795923339684859,0.17463761895371602,0.15733352090720668,0.1443825838927531,0.1567145023896014,0.17820742505669387,0.17247270248544455,0.14316201024738304,0.05805867489888759,0.18785640163103254,0.08253992742834858,0.17957534587498483,0.17363231958571732,0.11535067346150649,0.1629491770603981,0.28103999311619915,0.12009988977470455,0.18986103842475507,0.10916275482913698,0.11379121995422224,0.25727317340122197,0.11755843442069333,0.045145484389825206,0.17090937674953963],[0.12078818232610755,0.09796156539150863,0.1234820386430443,0.0,0.14825987647854658,0.09955226926879174,0.09163529394114046,0.3111627959501987,0.13316927200084808,0.07089083567033659,0.11395218244130612,0.2057190236994692,0.12232959094471281,0.1186959417968337,0.13084653397937565,0.11003643932807794,0.12850840650453868,0.08684236039682064,0.431802710305521,0.11122468482879182,0.19193716461090846,0.30861176832625514,0.15332917002484586,0.2434209424396217,0.37019680027468166,0.15733287287286554,0.11358162291157388,0.24809965807916734,0.11433390666686077,0.16419344418229742,0.28099236081961526,0.08231764932785755,0.1142298706152334,0.20938073256677525,0.21623940477861378,0.27198089257318503,0.0760760571757422,0.07909042638289776,0.12254652946952417,0.1519523063160393,0.09240616906825407,0.26588921688915934,0.15181648372594317,0.17563875159517814,0.14593082664723248,0.3741057934553067,0.3311329264657317,0.2558768294215295,0.18507001684544447,0.20815442244467164,0.0694667008890653,0.09732956003083328,0.15528578233072893,0.12036562810849344,0.17652119532474123,0.06231325149703957,0.16464808927602256,0.39364606163038063,0.10049193461120996,0.22557535492012354,0.07193507844002796,0.16861225985081243,0.1303483849013861,0.0710247618012088,0.16273972689990368,0.29688329919072703,0.23904706837306364,0.16307177271079282,0.159416828610037,0.1887715222937432,0.2595610669277962,0.14093201756701387,0.1698279684037435,0.23984460320628165,0.08184677388685338,0.2813433564914624,0.09638545386448663,0.3428667911185239,0.07758454039216862,0.21231021469234973,0.17802163010740413,0.3175139719899645,0.10367818073394028,0.10490535458298093],[0.1626886912289999,0.1709285958016051,0.06644363277981134,0.14825987647854658,0.0,0.09501407024436112,0.10305916060564622,0.19467457989104192,0.15253673163938294,0.13637617654686895,0.08892745983096884,0.14601433311018455,0.18772561976559066,0.0923347736750302,0.16852653860191164,0.1742250325836223,0.16650646882057815,0.10162497426640064,0.2883195886765566,0.10718495492494252,0.12149258127381884,0.1481657236040966,0.15608107631810011,0.1372006657585072,0.29650178741497835,0.26836565290626685,0.14736706036786973,0.25288279218971904,0.18211979296419484,0.16648889921448898,0.14409799136155252,0.14229684902541934,0.07559501337651504,0.10362039895384874,0.30854811989744074,0.21635205323499324,0.13837398605424736,0.15355275027318288,0.1654659709041048,0.12831761930113214,0.17571349671179948,0.14067372189178537,0.2236400162722785,0.149642457431964,0.11058399294657957,0.241705141351173,0.16962040957675345,0.15013178630787916,0.13295796370565402,0.18706108185326487,0.13436390589889138,0.1858249580447687,0.1037976285497079,0.16550479966852033,0.1130286770772267,0.15529384720602427,0.18574851190590821,0.27692041005563034,0.18358805052571628,0.11737286150609001,0.11414000244995631,0.2149606723310023,0.20080824049951382,0.15662842967793209,0.1445299067476579,0.20246114372415386,0.10313512735691253,0.17565356672475935,0.12259251688897888,0.13425843348086083,0.14863729089086367,0.23276020303506662,0.1890061708124047,0.126065022817977,0.1669402844333017,0.23784865734063443,0.17050173262025128,0.17862369179474416,0.13191599947083565,0.1188287357072297,0.3181566134266025,0.18328447654954552,0.0923927672586721,0.19622147183682948],[0.11012017690385142,0.12352337775720192,0.0628315040287408,0.09955226926879174,0.09501407024436112,0.0,0.0832174132430409,0.22484712976783733,0.1509889313612753,0.0903966081023501,0.11396513792990544,0.14345751557189182,0.1869902738997186,0.09322617045931277,0.14263650778192585,0.12716071579184587,0.16264872210932216,0.1011064114333789,0.2581053420436587,0.0644603964410349,0.14053220815070674,0.19513521091938607,0.10820900259611246,0.17639107648508628,0.2679452931308038,0.2340457490153107,0.1595664142954759,0.16714987757494695,0.1530980169137371,0.19168987611311886,0.14527920582194923,0.1336515513316445,0.12566569089660098,0.1751945470814309,0.25796066401441975,0.25109630561476604,0.05667828133444296,0.11521842420408254,0.14237921598172165,0.09561301859845402,0.14122191971850712,0.14937083287468378,0.21639826144308802,0.08263736993266603,0.13211504072072394,0.21636472496060669,0.20550655069898274,0.19944506689365546,0.16268932324806504,0.20470696330946747,0.09443286310589206,0.11747172445652529,0.09050659546161444,0.11858793954419085,0.1341056611471938,0.10305620070751273,0.10041362391348349,0.36279760138027656,0.13504324843131504,0.15179843794090045,0.10474146309707508,0.20347020962475995,0.18604837017538442,0.09375298246715087,0.14617921525002128,0.2512968961536189,0.19984044945132765,0.1347253099961893,0.12124712359850212,0.21255890306487882,0.20145112641631302,0.18756863084807937,0.10082464942020143,0.18502542920148699,0.10283485037897604,0.2627985101175384,0.13247540481134543,0.23816002238123574,0.12325712872402639,0.09372621043147028,0.26955446520345466,0.16691307785582754,0.09762481740554765,0.1718607803874392],[0.1492600568382121,0.1067798380995197,0.07663008848136457,0.09163529394114046,0.10305916060564622,0.0832174132430409,0.0,0.2525392423788959,0.10910972987867204,0.07176940030878744,0.0812597730118688,0.17252446960113968,0.10199747843322478,0.0919747129930113,0.14202673350056624,0.12745459712691884,0.11941520871860815,0.08364752047833154,0.4005011353884337,0.0924008841339712,0.1627366679568338,0.2799863214037854,0.12659898064340852,0.1926006579823077,0.335654591719605,0.1790099359931615,0.12689164855212995,0.2636860235903066,0.08480578668288605,0.15647984445031884,0.2239017657802714,0.06319909283440528,0.07001099415548197,0.14165106194356017,0.18362792831919703,0.252736321057289,0.07736673385283604,0.061387360199163576,0.12877248238445757,0.13189185684358568,0.12098914703480851,0.22486135503637594,0.11985524047059974,0.1558836327393861,0.09964187147127943,0.348519623676786,0.26512438670650523,0.1997961165767048,0.17271262596822165,0.2165907661856209,0.06375223438910867,0.08586133500587784,0.150127602872468,0.1347276587939302,0.11359151545956499,0.08514064952484,0.18568164785194763,0.3642135269384832,0.0887511293784174,0.15660702342343297,0.06325504701443252,0.11189183564566577,0.11458181397872007,0.07926489934387769,0.1359583917762581,0.2595661964288549,0.19480472723890593,0.16178496259883587,0.11506104726211022,0.18694391237733488,0.18936112846409364,0.12355143826298573,0.15067714800731605,0.18326496645329615,0.09880906672909263,0.2515700083857407,0.08579630772198908,0.2786973509748693,0.057149181420123686,0.17912025792197572,0.2042425218520552,0.2645994087925492,0.07821636540914705,0.10797257042348075],[0.33876041149363556,0.3595453855238824,0.1773890465464673,0.3111627959501987,0.19467457989104192,0.22484712976783733,0.2525392423788959,0.0,0.30391518177146454,0.3690805257033059,0.19444428399643063,0.2550556578278199,0.3535943669673554,0.1627011220090476,0.38708182001321506,0.3729265929569425,0.3536538958560705,0.31689794426444046,0.1743985478624733,0.12191363966286063,0.13854714815472738,0.21368262365609894,0.2861798681257723,0.12700146001057616,0.34470143404686715,0.4316758051431849,0.33769301747294683,0.2505657117057776,0.3951653733454643,0.2840954770235727,0.12838724339685673,0.3277637243986587,0.20540289880465135,0.05937570938725187,0.47855324080103673,0.21362881176323414,0.2683700239674605,0.35345219447926235,0.3864328062255519,0.20971387679410086,0.40742511234532325,0.12257873995208532,0.3399464317533966,0.1997863994411199,0.17900895432115776,0.17442587592354822,0.1840788197626938,0.11754336666039397,0.3029499288223384,0.3496798058810411,0.3315131570243125,0.3919522385378537,0.2723302420831711,0.31589789628150455,0.2038467561514826,0.39497488553057386,0.3037104953318953,0.2115681173427322,0.38922997518418356,0.11286526990187186,0.32107852290526334,0.3531009236897363,0.3473087032876691,0.38911962467336897,0.21866411549428236,0.11368526033900472,0.19806143685643157,0.17304764849133034,0.18746228205641205,0.23167667959966526,0.12606125541016747,0.39187241427417646,0.24444831919706447,0.09457170189581815,0.4233062380778514,0.3076787440994773,0.3048536409190464,0.17539473337915207,0.31349056441528833,0.115985310699776,0.468999796708578,0.14417776943131622,0.13665970201898217,0.3975570877776016],[0.14311147443082833,0.14187425292188285,0.1720452741419591,0.13316927200084808,0.15253673163938294,0.1509889313612753,0.10910972987867204,0.30391518177146454,0.0,0.11659175430302776,0.16483346103608823,0.23323856492629208,0.13241406837862027,0.14845535166283857,0.11389913807907383,0.12967688465051924,0.1939065690177582,0.0928003566268191,0.43966552448758967,0.14449091521618332,0.2152130842631727,0.2686712030799774,0.18267572969719872,0.2694535021614974,0.3473329641874145,0.2516824746345528,0.10900810451261356,0.2395830182730075,0.16375064230568354,0.11221121828511074,0.3102578014800578,0.08910567725499582,0.09077178273430284,0.20733516793127718,0.2870859991971347,0.27244518439779764,0.0836703929873063,0.12087927482073074,0.10751885675176805,0.157973016967049,0.1359776457232142,0.28329077147025433,0.15085523355972688,0.23683975875662708,0.11409327482020028,0.39415850987856055,0.3436232693709022,0.2656178692852088,0.1525780398903083,0.16549614645380425,0.07980921948174557,0.14882577061131233,0.13489034447628925,0.14587819108531286,0.14820292704253976,0.11256466726463493,0.1876722516643806,0.4051465255605324,0.15808945881686484,0.23973431249572574,0.07993836581256342,0.21155600099924585,0.1780094010778753,0.12367380273496374,0.1483284163649043,0.3338202372829044,0.22469288534991594,0.2004507914628389,0.2079421382723073,0.2026728280986839,0.2967977991701011,0.2213680822603701,0.1242809318820368,0.2774555180316228,0.13003087698361745,0.21597235946664609,0.15654559738336632,0.3689394512752785,0.09270827649884046,0.23714245368920867,0.2812840830107886,0.3266413136296869,0.14992271525781126,0.16477152676707538],[0.08990395211511246,0.10069343373205662,0.12828708533189162,0.07089083567033659,0.13637617654686895,0.0903966081023501,0.07176940030878744,0.3690805257033059,0.11659175430302776,0.0,0.1280046069859682,0.19612267846037093,0.12022003032037033,0.11383179775216754,0.07806040388066475,0.06586408064204424,0.12683621526364275,0.04780880863413737,0.47329649674231916,0.12843122616916897,0.20627734564603437,0.30396046021497275,0.1285728430777805,0.2717323697680234,0.3659985421994962,0.17724686024442082,0.11545901360530028,0.2797916301582815,0.09577240565059261,0.15049707610169907,0.30462594039008595,0.06782501606112595,0.09606020745426468,0.23949633731933334,0.2217302156205272,0.31249366686974744,0.0772151891742381,0.060930451929671385,0.06324200484958904,0.1496715383821696,0.05651255831641977,0.2900937108470345,0.16788711587463384,0.19447656663568189,0.14455884039782035,0.41536011443989845,0.35646793930709125,0.28327019305204265,0.14300396307416202,0.186582829174643,0.03301588957851026,0.07034930756578762,0.14926029069113206,0.09097919635498866,0.15411978825900158,0.02239828476122614,0.16251726441858047,0.43721267576540856,0.08847620157881182,0.2631820597939472,0.040748884890851544,0.17773091862990742,0.148119310016545,0.0296003767433989,0.14918589402796895,0.36146983145247885,0.22147985621162855,0.2028800263806973,0.1853337296945967,0.1804397957560317,0.2968725535562151,0.15634306196986844,0.1559548199001882,0.26969420084305007,0.026471457275471927,0.2660081542338808,0.10712007914297332,0.37536870800150596,0.0651761149002625,0.22958771750435858,0.2137290883382464,0.3483268553428837,0.12883847772249965,0.10540401157288208],[0.17811875942677607,0.11294478477736718,0.06269166042334431,0.11395218244130612,0.08892745983096884,0.11396513792990544,0.0812597730118688,0.19444428399643063,0.16483346103608823,0.1280046069859682,0.0,0.19853979317296747,0.1478985040515213,0.10394213846391548,0.19976292007332463,0.1830224532255242,0.13709351561481337,0.10769179820870774,0.3883918603615333,0.08907798508203593,0.1619079388768567,0.2313007398339722,0.14781119581723792,0.16975232343691812,0.40052178301851155,0.1751946178049864,0.15672561542969368,0.27169746155869196,0.13503023496681482,0.19639241772582247,0.18380733423518528,0.09875470705803999,0.06493780169156163,0.11532587579626555,0.23042257498233137,0.2655187685025383,0.11347321714605825,0.10974385772314746,0.1925125767752995,0.17897979953511228,0.19610019575767224,0.23407655697868918,0.134699246278378,0.1747627762222586,0.11610009520821123,0.34850218799017624,0.22665542975205175,0.19076474365960358,0.18947503136349975,0.2702318649256386,0.10898387791507118,0.14186453032121368,0.15982046524216517,0.1630718147089262,0.15129355856218782,0.13810236818536803,0.21883504851443022,0.3368582715672877,0.12940899476208612,0.1369256173813279,0.10135392189539535,0.1508696446897858,0.1380094912543738,0.1327492540874366,0.17972446166516176,0.22101091801807254,0.15760989644324208,0.15328367007154206,0.07480270573535232,0.17062579947162934,0.14158291642736845,0.15690985481507788,0.20231432914085948,0.1626671799293137,0.1567850629965266,0.2980837373412793,0.12130177525018364,0.2564886981599557,0.10276451088971694,0.19905468762417505,0.22593355070670046,0.2172363533522536,0.07624506000378004,0.14346769872361548],[0.1674070053637569,0.24558206979544925,0.1428594128844955,0.2057190236994692,0.14601433311018455,0.14345751557189182,0.17252446960113968,0.2550556578278199,0.23323856492629208,0.19612267846037093,0.19853979317296747,0.0,0.3252140679257157,0.08549413143277677,0.18566490327625318,0.15840100635922175,0.30083522118464395,0.17620519527838077,0.24574006937889675,0.16587700771495176,0.0864617562983154,0.20278798233757978,0.10710633459855225,0.0854563050112284,0.26962263773592615,0.36492314897670264,0.24097091226297007,0.21043884040222097,0.3127396468370554,0.18874407960414954,0.18125330230073514,0.2559158978727003,0.18411279464868438,0.1381559751429658,0.41827307731137614,0.13697489833506352,0.18287828341261517,0.2515429960603241,0.179444896417546,0.14875467331417372,0.17475963333377384,0.15606063322646624,0.3414764005028287,0.1757386885471274,0.17516267271302488,0.21045525286153424,0.12889868431460966,0.10626015452199303,0.1448295312187632,0.18067115895511687,0.20838551301760713,0.28741399000765094,0.17227410068250718,0.1475342717071194,0.1020012708375758,0.21354927679825805,0.18710244668018172,0.18065590374322954,0.29445728858545983,0.1286858213025925,0.19858522006490767,0.3316759881377257,0.3042736670377156,0.2188536803247903,0.10606825855408882,0.15520212778502265,0.15569668912495965,0.17637344600124616,0.18948133889625018,0.146976647852631,0.172341435331979,0.3610973486996092,0.1835942413586133,0.09991634266406196,0.22600990873827195,0.1691232317041239,0.24831634750479437,0.11303319124052666,0.254480191990342,0.11323644593777714,0.4133514052512128,0.1849331113343706,0.1089787848963738,0.2975944032829145],[0.25118134637758766,0.10618851472415695,0.1534978102106134,0.12232959094471281,0.18772561976559066,0.1869902738997186,0.10199747843322478,0.3535943669673554,0.13241406837862027,0.12022003032037033,0.1478985040515213,0.3252140679257157,0.0,0.21509691858058774,0.22627286949774666,0.22670798948216828,0.0923706806391647,0.14128369250220452,0.5557381030357651,0.16228695082459968,0.30090299098503837,0.38179892719361713,0.27655039810659054,0.36162445665098786,0.4641846160402213,0.09812447240095035,0.14074892176100692,0.38397482881742984,0.049663052441853664,0.23173211932118853,0.33657775404654183,0.044866726720224015,0.119956680950585,0.2477062068988763,0.11001664103662794,0.4278120369298246,0.1341976191518141,0.05474806968883631,0.1988988284301735,0.1995216735208338,0.19275476521580096,0.36226555621914325,0.042146794024214916,0.2211420672051226,0.1726756285569143,0.4937009138497171,0.439910451502522,0.3715088952258066,0.2704364787235209,0.2885987559525398,0.0933005352603804,0.08461960182615405,0.1877212793591375,0.21946473756854815,0.2547390999577518,0.12624517614913455,0.27800085243429357,0.5090827695435669,0.05367438062475827,0.29892967218757416,0.0990451631869138,0.0633746454829,0.07616178144153793,0.11600919904749053,0.2696228895366366,0.39221345114447426,0.32721461214414477,0.26472632772110927,0.19310805419056334,0.3140725524353702,0.2911169153618812,0.05182135416133017,0.25334430145475456,0.33742756356942416,0.14632909509361836,0.35599112389626186,0.05319121443410459,0.45775028354549124,0.043061794402162845,0.3134426657839083,0.11092614505299563,0.41169838570801515,0.19219667295143217,0.06017619705081037],[0.09650591561365385,0.1647506820131953,0.07733931636323355,0.1186959417968337,0.0923347736750302,0.09322617045931277,0.0919747129930113,0.1627011220090476,0.14845535166283857,0.11383179775216754,0.10394213846391548,0.08549413143277677,0.21509691858058774,0.0,0.1312778929141361,0.113166706607883,0.21976550528216213,0.09704319503018137,0.27862102454626664,0.06339848344410592,0.06626199977011805,0.20746082753115927,0.08773855880000651,0.07987741737950259,0.3086092696727931,0.26102412311603684,0.17611444742167487,0.1712554432019448,0.21446910947763617,0.1438081020826732,0.18092735382118233,0.14715645810772904,0.09865011700489136,0.08173022703777325,0.3185330003604201,0.1482542665095137,0.1020445308314976,0.1378623106136706,0.11572029805327566,0.14058978446981674,0.11842116504258023,0.1599184362328899,0.23110433155719182,0.17177761132619607,0.1167753495858801,0.25591945040791086,0.14727538555559427,0.08069396157228925,0.13036556629036344,0.17829719646783618,0.11636304729576151,0.17961312238856966,0.1485174684280583,0.08559300288236092,0.07519266275146205,0.12353323366548062,0.15821309849577414,0.21498898140554246,0.20339350948270343,0.09514578960713967,0.11171339832258088,0.2547088957080439,0.21220663927435973,0.13699733265855,0.06292792570919312,0.15014254711182792,0.10895416209418703,0.10069646279641697,0.1265986349575399,0.11142733802593825,0.14519648859892123,0.24806389303950915,0.12597942445059493,0.07269772688930892,0.13874244293846447,0.1968837570151327,0.1645070786785231,0.1441037037790372,0.1363891142579564,0.11481624706128628,0.3175852390784947,0.20267762169191403,0.03454535873770514,0.20869478803558358],[0.07871249278896894,0.17148756656724318,0.19712536663219002,0.13084653397937565,0.16852653860191164,0.14263650778192585,0.14202673350056624,0.38708182001321506,0.11389913807907383,0.07806040388066475,0.19976292007332463,0.18566490327625318,0.22627286949774666,0.1312778929141361,0.0,0.056371212985141174,0.23799261643269579,0.08727556139410403,0.43505356477858387,0.1820389259194215,0.19664437018142525,0.2719097417038889,0.14940274012950863,0.26205547238413945,0.32355485675772777,0.27238694216634457,0.13379257174972367,0.23393193680131946,0.20221278428243714,0.12568046378792497,0.3202656526179453,0.1513270736529315,0.16501029040865525,0.27927684265501307,0.3271103028107283,0.27007051187745085,0.11301878797567609,0.14821410677510904,0.0476341745433934,0.1593444868820796,0.061713097961043115,0.2783129793974208,0.2641075134581591,0.233031015447537,0.18158845381081,0.3789365263647761,0.33529860869480616,0.2829193823246696,0.1330770510246879,0.14837385049637067,0.09780508556161942,0.1646997261840386,0.16282262069286693,0.10496483367643919,0.1451529099406938,0.07592274340576557,0.14312178101984416,0.4194087351591996,0.19510527497638794,0.2818171498701002,0.09785038444937622,0.2821376479900368,0.2409927556946543,0.1023584853136182,0.10619314076795545,0.3733247999617872,0.1984348216088251,0.22048963371002847,0.25354257480084685,0.1746598627543919,0.340070933274987,0.2664609562666717,0.12957494869349878,0.27693379668714596,0.08251403147218986,0.22898705777518674,0.19403331702393034,0.34123910765936716,0.1464926635252628,0.22588552317200497,0.323764548043017,0.3560878107720479,0.1730934626254842,0.19848817929822427],[0.04890360248943537,0.172994399043755,0.18683310148342644,0.11003643932807794,0.1742250325836223,0.12716071579184587,0.12745459712691884,0.3729265929569425,0.12967688465051924,0.06586408064204424,0.1830224532255242,0.15840100635922175,0.22670798948216828,0.113166706607883,0.056371212985141174,0.0,0.24049460805488168,0.08903003997546328,0.41797036945096233,0.1682852038403016,0.18481941191928997,0.2893295644214091,0.11505506510438038,0.25197357447018787,0.33415078024576594,0.28232978408671483,0.15603539764037558,0.19345581228977726,0.20082774170828893,0.1342024784131537,0.31491035301462833,0.15408378580138216,0.1481926036865082,0.26556759194122503,0.33028073792433527,0.2713453021175754,0.11204219615299774,0.1433320528741609,0.03177825545890618,0.17535947458211215,0.049884921353394104,0.26437615914494933,0.2631408991118249,0.2491381998915085,0.1606375873623889,0.36707894920966005,0.3175495499201425,0.266979436671765,0.12783931347565936,0.16123063667903165,0.08628243451627524,0.16511922798008083,0.1493312506878676,0.07083501979251626,0.11916095688659037,0.06456794444641595,0.15554845773615153,0.4022783102056854,0.18656509940350335,0.2710965156419048,0.09137873862700588,0.2891768467879166,0.22729368371492786,0.08766601892251491,0.11402407548756051,0.35899092014248957,0.1942887876402435,0.21796528365163043,0.2345731678076904,0.1465388091031131,0.3366460756196538,0.2685526737610387,0.14155172664961937,0.26939971717140004,0.066047131126734,0.2327072735474143,0.20211936964419228,0.3324302496609147,0.14379738785185261,0.20506782756420686,0.32924660520556803,0.34943717621322057,0.1676158934270375,0.1964738444065726],[0.2516576733387986,0.11781001636883084,0.13810463798223607,0.12850840650453868,0.16650646882057815,0.16264872210932216,0.11941520871860815,0.3536538958560705,0.1939065690177582,0.12683621526364275,0.13709351561481337,0.30083522118464395,0.0923706806391647,0.21976550528216213,0.23799261643269579,0.24049460805488168,0.0,0.15669641846347257,0.5165926470701117,0.17842881307958924,0.2841587897875734,0.3657991485903662,0.2560294036273476,0.3303317874852564,0.4591886448589067,0.161627042064939,0.17487470931255425,0.3818069769537412,0.09019639558642648,0.2634686885226508,0.29497726972281624,0.10331428538445478,0.1380184301242012,0.25570752775711136,0.16867702349890284,0.39246831292652545,0.157022690868057,0.10720483023023303,0.22582416331812805,0.2090115258075923,0.21130404390552765,0.3462052100642455,0.11987242670645544,0.20878372212268567,0.1913303208742797,0.453807354629216,0.3968354546491511,0.34571027990172365,0.2588593528386224,0.31141606842078046,0.12220363875246343,0.1040083114633248,0.18483458131713212,0.2388412520849005,0.253119212341445,0.14390134703048918,0.2787381728502807,0.4984759269696488,0.08274462026080913,0.27506139842178895,0.12547074283367896,0.11317549172114434,0.1190698249523769,0.13404197655986363,0.27801302833894714,0.37789442171988424,0.30509711073068635,0.25485164839014834,0.16649907923011847,0.29095551934490077,0.27083885430847077,0.10407283612334525,0.27334401085442,0.30987186830323765,0.15963302290826112,0.378065281777905,0.10638073530301094,0.42105347310582947,0.09036546650291978,0.29844464515207747,0.13259286082179308,0.35515533945654776,0.184173166016363,0.10864500616200548],[0.09088721683917154,0.10499992106145928,0.12572226174049195,0.08684236039682064,0.10162497426640064,0.1011064114333789,0.08364752047833154,0.31689794426444046,0.0928003566268191,0.04780880863413737,0.10769179820870774,0.17620519527838077,0.14128369250220452,0.09704319503018137,0.08727556139410403,0.08903003997546328,0.15669641846347257,0.0,0.44100260428926985,0.1253366912885953,0.1526836984475786,0.25331755408143414,0.12564382224922657,0.21868503629214361,0.3617698546346797,0.1991593171435068,0.08917774913917159,0.24504311130137824,0.11682980802691997,0.10748533566501801,0.27532951955318063,0.08262268214776267,0.07769195912043186,0.20598235538101872,0.2516541887840542,0.2907427162186749,0.09822497460109332,0.08388866306672274,0.06311812141048927,0.12358395641065664,0.06619192957724854,0.2502386053277656,0.1898561982203264,0.21447194930985397,0.10341825781755637,0.38277783800241083,0.3078223560088994,0.2547695909427208,0.13154838998208243,0.160069681370327,0.062037915915975614,0.11025024379401577,0.12099457599778758,0.10485202863906244,0.13640696779966435,0.052424868012007526,0.16675839679983745,0.36570031393396873,0.12688056831692354,0.23203887159049552,0.043685105859633824,0.19220268764112888,0.16588592517086906,0.050616444815282165,0.12610713277748423,0.30140811048280003,0.1845320695562743,0.1948883710555583,0.15911655198364247,0.1761039880611278,0.25991536811571947,0.19203689107075644,0.1448953615471194,0.21795294595157835,0.05479534632769729,0.19671240268392504,0.1267605677802611,0.31878396471221854,0.07703555619177371,0.2039957200506648,0.2557901002351395,0.33497831692501184,0.12084928943432684,0.13999627457794606],[0.34484629251993576,0.49551663017588693,0.28847802786657395,0.431802710305521,0.2883195886765566,0.2581053420436587,0.4005011353884337,0.1743985478624733,0.43966552448758967,0.47329649674231916,0.3883918603615333,0.24574006937889675,0.5557381030357651,0.27862102454626664,0.43505356477858387,0.41797036945096233,0.5165926470701117,0.44100260428926985,0.0,0.26035267523735317,0.20570468807751327,0.13859090956105005,0.31755725027951365,0.2171104877446292,0.21792920286852097,0.5933646305156137,0.4562891392884198,0.17740053953138166,0.5609336005924719,0.41189881694449115,0.1422164966036108,0.5160802218168067,0.42012537286830015,0.2524609310319042,0.6124790191914915,0.26393675690942686,0.36308506872542184,0.5141585714026015,0.45678114148892124,0.26357855418978,0.4794301235486723,0.10187667080107862,0.5533450658052704,0.22026882424501837,0.3436925403032958,0.04443217583524539,0.12245582863625533,0.21938600485571635,0.32919673964161944,0.36639809802583606,0.47763840708204874,0.5149325909571253,0.31572903147060477,0.35996030871175916,0.2798091596545932,0.5033479179144583,0.2702964991024067,0.26747077947217324,0.5258481944600533,0.2129528625679082,0.4689302627197577,0.5440996880411612,0.5246399218048688,0.49676018740242966,0.2904825762417198,0.22205577277769073,0.3048782092156113,0.27250921356792857,0.33378184382138765,0.3452151696465149,0.3045844092460526,0.5659380657215113,0.2742566494948641,0.21934748067369897,0.5046499111377833,0.35334536803313427,0.4806687346951177,0.14244491778753152,0.49906935980232286,0.09229845816662816,0.6193475674737774,0.11719444772178532,0.3056201407792095,0.5357755830877144],[0.13741944912787113,0.14589814737244505,0.06893868389974983,0.11122468482879182,0.10718495492494252,0.0644603964410349,0.0924008841339712,0.12191363966286063,0.14449091521618332,0.12843122616916897,0.08907798508203593,0.16587700771495176,0.16228695082459968,0.06339848344410592,0.1820389259194215,0.1682852038403016,0.17842881307958924,0.1253366912885953,0.26035267523735317,0.0,0.10554539476861093,0.2020656502095311,0.14846665571439469,0.134065157108162,0.310914097475226,0.23349988051284026,0.16784027830245446,0.18590304441227565,0.17237615350609142,0.18284748304812481,0.13131676556317484,0.1210543432483204,0.09302125854641277,0.07559473598817665,0.2727891038244089,0.2008486147491347,0.0804950327866373,0.12702609221125608,0.1731021922336461,0.10171438883843524,0.17086136064798332,0.14158019064308702,0.1804457818115025,0.09876740855909809,0.11289750834803484,0.23648735180193195,0.21673967866421825,0.13770130991639615,0.18784684602660603,0.23448281106945226,0.11156967419415718,0.14793542557191938,0.1253539594026828,0.1440099310740565,0.13398701515728245,0.14641239975170153,0.1496962777414616,0.27518507268290554,0.1523865759414314,0.12227993520575638,0.11605582270354593,0.19176011863828826,0.1757911924904441,0.15317737639190762,0.11743233345317632,0.15974841431932268,0.18076423032491187,0.08825609221690092,0.10305434205231556,0.17181035197380082,0.1256522784371589,0.1905394375748133,0.12627129032602064,0.10817864961749844,0.16087298298019337,0.23308113338127975,0.1099960325289723,0.2272429948954396,0.11394122957549148,0.09869611255892073,0.2672753792176649,0.17209817586096635,0.04352679534391452,0.1788130223097237],[0.1632908355608329,0.2475413962247587,0.14735066843140873,0.19193716461090846,0.12149258127381884,0.14053220815070674,0.1627366679568338,0.13854714815472738,0.2152130842631727,0.20627734564603437,0.1619079388768567,0.0864617562983154,0.30090299098503837,0.06626199977011805,0.19664437018142525,0.18481941191928997,0.2841587897875734,0.1526836984475786,0.20570468807751327,0.10554539476861093,0.0,0.1814781781108723,0.1362557700583745,0.0520129160973614,0.27706516798244896,0.34941711740885,0.20689115644019906,0.1939663178145674,0.30245020675449164,0.1696372414020296,0.20281513044241367,0.2416432688332647,0.1673764266943508,0.08842679516186121,0.401528990729906,0.11277884711574344,0.1637048114328924,0.2433952572193583,0.18428202696301593,0.12005023295246621,0.19959226220224716,0.10667951166934089,0.3256263543017967,0.1791590131584621,0.15833855841520394,0.19122150538326288,0.1485758923581316,0.0758205018336729,0.17336870608064064,0.16156678782185843,0.21146195734142142,0.28485511945603986,0.1926292929106475,0.14318288707067817,0.11273045996928742,0.22228512696136574,0.1858340342173008,0.13623406521653816,0.29854450697965795,0.09806882976182633,0.18968850571425436,0.3277209810208614,0.28125726388464517,0.22079059757523523,0.07277865447757584,0.102700079004785,0.11622728795328405,0.12300160613576598,0.16829641940654974,0.1294836564178809,0.14483968945642917,0.3447682964353049,0.1538700309798532,0.06280082724493138,0.2320208623189284,0.1607931658886263,0.24107692388466156,0.11386407056186001,0.23817347402497974,0.08918157565757188,0.4090394749278816,0.22627147147984597,0.09096784812481781,0.2803686378796856],[0.21961821203006238,0.3523414632556449,0.20151484741627254,0.30861176832625514,0.1481657236040966,0.19513521091938607,0.2799863214037854,0.21368262365609894,0.2686712030799774,0.30396046021497275,0.2313007398339722,0.20278798233757978,0.38179892719361713,0.20746082753115927,0.2719097417038889,0.2893295644214091,0.3657991485903662,0.25331755408143414,0.13859090956105005,0.2020656502095311,0.1814781781108723,0.0,0.24748279819585378,0.19701894809576123,0.2586608579332003,0.44722099979915686,0.2772838448762317,0.21917372068726287,0.3929620244876161,0.27048234552662453,0.14551258533513617,0.3201669308231958,0.22464627436859738,0.22102010597418134,0.4946456258248226,0.2763815949893641,0.27677094304594163,0.34859378999410534,0.2846120398703963,0.19652835866902588,0.32438968701240745,0.10092360949014333,0.3945936961158362,0.20584839303630728,0.22223551997767843,0.13534886556252002,0.1437038685066081,0.22577921808232937,0.14965025122113373,0.21538467221929894,0.3105778038346132,0.3801342598285159,0.22458995192582396,0.282377