{"mds":[[-0.05711298784329393,-0.002072184694338283],[-0.06172030297671536,-0.0006068971328754057],[0.007537091163999201,0.027692902121209215],[-0.06445017818755609,0.013276466359286388],[0.030156473019689687,0.004586905334845172],[-0.051530688309026684,0.01654808648736983],[-0.026091183061164695,-0.0065893191623508365],[0.1034114869056553,0.051834274414341144],[0.004825604426679921,0.021456881194894698],[-0.07504004600038386,0.006440346131930336],[-0.014133489371464735,0.009961143004237633],[0.010155655309452831,0.01864557397346336],[-0.03456217806689476,0.009041666831446376],[-0.00435641489496934,0.025693562366006728],[-0.05220554138727457,0.009719654653803584],[-0.05730847178813074,0.009146700682588023],[-0.0473762265467889,-0.006149107624145773],[-0.03586226084419277,0.01704149105736194],[0.14193211923292842,-0.009767919259305133],[0.0077522301916351155,0.03822750450065164],[0.03432931478799365,0.018742331687813155],[0.08571217660816219,0.05769905818515437],[-0.05580074684998828,0.01751634209420452],[0.07219441240572559,-0.013202905677955451],[0.05864272302921966,-0.03618863336553766],[-0.08460348918531173,-0.008516213242966864],[-0.012437971354965726,-0.008365535208203257],[-0.02590310799474239,0.025900098485396025],[-0.06713802177292447,0.0011540583720706758],[0.008726037325363459,-0.007813095877265511],[0.10329482158081503,-0.027500027900118604],[-0.035212512965534834,0.010550408226902586],[0.012801765198726715,0.025343212246172437],[0.06873425360104454,0.04700634979547085],[-0.0881419610364677,-0.03424869759588613],[0.04829478339234352,0.033840596080092544],[-0.050031060592996245,0.017902129731210616],[-0.06057494184915935,-0.00705141341319838],[-0.04968584657084701,0.01747952312900817],[-0.0016666844795036387,0.03157059143168141],[-0.06552377111106117,0.007047747307103288],[0.09846937556815114,0.00825060030616636],[-0.02809618927691328,0.0032319772340587733],[-0.0028021729911537918,0.030226964993193887],[0.03783892764336987,-0.0005159007547239899],[0.12694878963487277,-0.029467597756780164],[0.10781721442389341,-0.06246822505271275],[0.07145638452349144,-0.08415641201408372],[0.0213310405918594,-0.037539406149656396],[0.008214539210204493,0.00458455849224738],[-0.04793594690516652,-0.02499399923058004],[-0.07262305412520927,-0.036270731542916414],[-0.0051446943969805535,0.010380379275834304],[-0.05141217232047046,-0.00025403193663067514],[0.03710278439304284,-0.036774331245386],[-0.08005245765032426,-0.000675968327624686],[-0.047746068864838634,-0.009098255144854081],[0.10960927724746543,0.00421060277616852],[-0.07406456063020354,-0.0028378051444420513],[0.06874922704643008,0.03876129901396762],[-0.030935213985679222,-0.03493164937564308],[-0.04078263457453667,-0.020310321617609078],[-0.05172290274290805,0.012504929302202879],[-0.07549799290735132,-0.001585637285970461],[0.007169312182064256,0.028266230102468873],[0.08294169900632702,0.049226797465295284],[0.0746756375369788,-0.04498209341677703],[0.002279102004583884,-0.002668443078483635],[0.015486222351560617,0.005468449059265997],[0.03451020819459535,-0.0021476020026113367],[0.07433846480465567,-0.06809669880113854],[-0.07853698863060186,-0.004343372601645562],[0.006001861740420231,-0.028211343542150023],[0.07002891603168389,-0.0428193358374979],[-0.07548247586726071,-0.022780562201821654],[0.03473738688854724,0.05473412667448996],[-0.044598681842768544,-0.01809617774927019],[0.10595857865683649,0.003516181281718413],[-0.03854643778400271,0.019961524255501493],[0.0708029281697335,0.03606215833034099],[-0.08558397674754357,-0.019998875168489562],[0.1056698009169552,-0.023095389833042917],[0.004260171180353045,-0.0067577015853722356],[-0.06486409084223939,-0.06650256589657581]],"labels":["Amsterdam","Athens","Atlanta","Auckland","Austin","Baltimore","Barcelona","Beijing","Bogota","Boston","Buenos Aires","Buffalo","Cairo","Calgary","Cambridge (MA)","Cambridge (UK)","Cape Town","Charlotte","Chicago","Cincinnati","Cleveland","Columbus","Dallas","Denver","Detroit","Hong Kong","Honolulu","Houston","Istanbul","Jersey City","Kansas City","Kathmandu","Kolkata","Kyoto","La Paz","Las Vegas","Lima","Lisbon","London","Los Angeles","Manchester","Manhattan","Medellin","Melbourne","Mexico City","Miami","Milwaukee","Minneapolis","Montreal","Mountain View","Mumbai","Nairobi","Nashville","New Orleans","Newark","Paris","Philadelphia","Phoenix","Pittsburgh","Portland","Prague","Quito","Rio de Janeiro","Rome","Sacramento","Salt Lake City","San Antonio","San Diego","San Francisco","San Jose","Seattle","Seoul","St. Louis","St. Paul","Stockholm","Sunnyvale","Sydney","Tampa","Tokyo","Toronto","Valparaiso","Vancouver","Washington DC","Wellington"],"matrix":[[0,0.04701391154099142,0.07846412221965764,0.03550285267004238,0.09461167401343776,0.041639513472321185,0.04455080171333761,0.18267588324562795,0.08386855493338632,0.038426383503193905,0.06434055460745186,0.07570388129071524,0.05433243212041819,0.06921151362467969,0.038116942016722354,0.03664592395611429,0.05766341341382797,0.04025203077981837,0.20598336634575687,0.08634105797560193,0.10560973636170211,0.1603430709888373,0.05105284434868149,0.13739226300217197,0.14306557543341714,0.07543774319941302,0.06710756726129162,0.0704168658354103,0.0442962406785172,0.08174167588159677,0.16589838312347982,0.038482715548529445,0.08076420920829273,0.14686738462338345,0.07780753244413555,0.12708915864641482,0.04270132799575554,0.0352174969203733,0.03962666637883625,0.07672896571020471,0.037095766615098974,0.16009495550943786,0.059561828774195906,0.08052767463065967,0.10452356436835708,0.1890485054201806,0.1798659017888694,0.15561771233905713,0.08880224266947545,0.0855441723186127,0.04283608266976149,0.05702727528694237,0.07568554545428692,0.031973734889154774,0.10489055310971795,0.046447965341989056,0.05706656308980549,0.18435205686076572,0.039864266324315965,0.1397467875775445,0.04828939542234417,0.05519520598289942,0.052617698445105734,0.04529594328113711,0.07864379975431805,0.16333686312638213,0.1409176273386279,0.08241397878887338,0.08837264223951478,0.09880705676041324,0.15631859604231704,0.05506178891872376,0.0762987224148007,0.1405133861535856,0.05300499619455879,0.1242050387306056,0.04624147775365573,0.17224993521918402,0.04521543389019093,0.1381091712559822,0.06767260806994085,0.1681011361615412,0.0685180614071047,0.07866572420983181],[0.04701391154099142,0.0,0.09760820102687072,0.037705546730972206,0.11342806903602355,0.05504495463817863,0.0634638559334488,0.17913014027330235,0.08020960230455697,0.03671807395990625,0.08902958428530122,0.09661059992695864,0.04884060422506223,0.08328764586172457,0.045672818196977716,0.03488689206668136,0.057936604847654186,0.06082651196142854,0.20703184775810693,0.10584064136980123,0.11112877530494665,0.16804961456820344,0.05637527969506238,0.13981232279282407,0.1354935951406498,0.05345585785926074,0.07147126422943169,0.07605885181700314,0.04306859549342468,0.08288129298672287,0.1753760358658089,0.04584521707986961,0.09043512039886145,0.14082700726351977,0.0628910192108364,0.1268449053510716,0.03986412714328754,0.03524361068542763,0.04284813004587661,0.09217027551465226,0.04026846037667452,0.16720302500904174,0.05705650107307365,0.10340730574254915,0.10510449529272511,0.19443008733090944,0.186590205210296,0.1618392579254208,0.10193751929320154,0.08129018678431071,0.048148750094330235,0.05043222738175746,0.07891085464725169,0.04554103893229155,0.11843487342576546,0.03543392628912705,0.046669441575841415,0.17855967227164687,0.03486601728330806,0.1460977643895059,0.06444529130915407,0.0630329373087852,0.05320368699823544,0.040503879395478365,0.08481176301435739,0.15530759976512323,0.15134252589283204,0.0931001641710447,0.11273236311047609,0.11247238944042472,0.1627488697133533,0.04921354358937828,0.08400015890179828,0.14310159685219462,0.0489615807324549,0.1180241315608318,0.0548288093798847,0.17794323751852104,0.050695333185059435,0.14886370304454508,0.05809974840520559,0.17729744229788452,0.08841579811937286,0.078492381089263],[0.07846412221965764,0.09760820102687072,0.0,0.08460241060603271,0.04164595291316644,0.06865456971970071,0.06530935661307768,0.13524376104652067,0.0571747600697522,0.09639537620253841,0.04482826090167296,0.024626774757634466,0.06754411707719186,0.03409842959679349,0.07494242910466256,0.08438238131966126,0.08100865878376656,0.06176432219170263,0.1527067231918114,0.02953177037381324,0.05326183865505915,0.09769778522242688,0.08370440506506065,0.08623963835107254,0.11858337807279178,0.12168019207246428,0.064475542253217,0.09455568227413458,0.09063710674133667,0.06656854619087382,0.1147870928248873,0.05705222963123576,0.03270764752780709,0.08485319278679582,0.1299764533674545,0.07426848364087064,0.07634627028691542,0.0867140296842877,0.07173941342108288,0.04147413490185208,0.08821567337846553,0.10447344740501967,0.0661897662601864,0.04095792304485673,0.06894177104806347,0.1391247423125047,0.13955071891580972,0.13526516797153584,0.07956152567813858,0.06957850260086057,0.0920269325059306,0.11502233169026214,0.06960475488913719,0.08138449309033974,0.08331563534127291,0.10516335435439593,0.1055473862923637,0.14072236612357475,0.09666591436661104,0.07218766023479453,0.08363785956746207,0.08052076597841085,0.07506631279264167,0.10285805487834274,0.04003220672519519,0.10648754981166574,0.10322882111738997,0.0740434084035608,0.05019622878982539,0.061405286575818646,0.12600565060263358,0.10173862113701684,0.08051530649083483,0.10376746723388616,0.11205313914454572,0.08317831906761859,0.080806349926868,0.11822094103555963,0.059460193062722995,0.06771291181732769,0.11985047605322134,0.11694700066215201,0.04621113775188037,0.13022405710277685],[0.03550285267004238,0.037705546730972206,0.08460241060603271,0.0,0.10322499943246953,0.04017310599799268,0.051922977198597356,0.18209109564243828,0.07952035659465759,0.0274205190111589,0.07238862934694558,0.085372104639237,0.05033570335487089,0.0764490052131077,0.04397750584603613,0.022872266701906657,0.054596702537474166,0.049354832019575315,0.21148555815665496,0.09116032143538802,0.10781411446966824,0.1630168107628079,0.05236457928588113,0.14453686928777568,0.1509889757736601,0.06260592882164406,0.06804373035643003,0.07992373021007536,0.037704060053306995,0.08522796287049017,0.17610369105018894,0.04190336781493908,0.08511412229847182,0.14468290691221833,0.07561906473191073,0.12774777629410106,0.03402474998952109,0.0360157207439469,0.03533219267512527,0.07804515299658155,0.03130619909225649,0.1689700144925986,0.05841198042991581,0.08634085762598571,0.11023477005051047,0.19826846019788427,0.19025737500931933,0.17071401756266374,0.10445119868853121,0.09082003905756106,0.05499418541914187,0.06349515776502321,0.08716650418666166,0.04163296977277456,0.12122676999986672,0.03659572998819073,0.05428224596137197,0.18766651615246208,0.033242757271484936,0.14191237946807306,0.06788734479329792,0.06389393036190712,0.04418479297367154,0.04207206885020707,0.07966109133573131,0.15985495764764276,0.15276012204285647,0.09067458529597758,0.10314908410117804,0.11078129395530334,0.16630725126132498,0.04602268519939965,0.09279144314726719,0.1500955662039684,0.05522741435857899,0.1199348743986029,0.051340961580730766,0.17658854312959335,0.039715289757785516,0.14372362659731985,0.06250836807997463,0.179732698725506,0.0859713526742179,0.09589713971257707],[0.09461167401343776,0.11342806903602355,0.04164595291316644,0.10322499943246953,0.0,0.08794166728525964,0.07218022256843583,0.1244567369005013,0.06653417352819889,0.11432985150097175,0.05499206643072473,0.036123199069543505,0.08282167011335363,0.06192697747417431,0.09266620342604186,0.10077662057090529,0.08695635589676451,0.07732905189335315,0.1330000113780649,0.05248966211595007,0.04867479724066811,0.08997896975077635,0.09716242603520082,0.05935920693337924,0.09490758169955019,0.13535092599131837,0.0622787712736395,0.1111613791620741,0.10632975138486087,0.05693651872210939,0.08566484252106517,0.07654661167931909,0.047616276282295845,0.08241583397090112,0.1396051281612818,0.07345069964695973,0.09531492193366074,0.10075777664192904,0.09110832034839096,0.05541780631514852,0.10487932298849902,0.08591323968449564,0.07885834544386328,0.05932664239645524,0.05391128637894622,0.11277166658567082,0.10892812337244187,0.1039661265380173,0.06512338735143554,0.07009133720047271,0.09998689515631345,0.12603952102686436,0.07105696482932805,0.09497917206981943,0.06694382077585301,0.12006213878313295,0.11730656246360655,0.11799554441745568,0.11248774738448321,0.0681694177108824,0.08070376575806514,0.08903023739768347,0.09546778445927792,0.11639340848526053,0.05138083727634018,0.09539921335818527,0.07433953084659853,0.07204533856203083,0.05050406275006959,0.05843233715314594,0.09570901543908023,0.1192739428365767,0.07289699728009408,0.07408526142177005,0.11969987845239395,0.08463778182186377,0.08672242258705776,0.09300065122530972,0.08087069175687218,0.059645595711576765,0.13118314658962865,0.09245220459381912,0.04598545359373379,0.12994335681183733],[0.041639513472321185,0.05504495463817863,0.06865456971970071,0.04017310599799268,0.08794166728525964,0.0,0.04620649666751811,0.18119556359714326,0.08539646447922625,0.05336516731872665,0.05852084545795098,0.0714664754499381,0.05922547665244998,0.06786693975039697,0.05685110179779314,0.047855530855207,0.05515683909045943,0.04248298592496208,0.20463659118574973,0.06957076076267574,0.09973856621728255,0.15142478261389553,0.03122485692247897,0.1389844211680078,0.14503728738500768,0.08046955832702819,0.06750426325649231,0.06328978281955652,0.05690771509951455,0.08331506032644101,0.1627994508753335,0.04701706886537678,0.0788618478241253,0.1438143600527016,0.09446364538206761,0.12864356325443838,0.03515966759790194,0.05492883984007767,0.050106685224843316,0.057793392016341115,0.05199021178137798,0.15842823946706375,0.0674403244712031,0.0575448468233358,0.10731427208906733,0.1885668237933967,0.17878427514796882,0.16535489262980557,0.10161677769440138,0.08636287200176263,0.06102894806877858,0.07823739603390675,0.06733096518600178,0.04950130978915465,0.10847992379020226,0.06376027767129315,0.05973623079885813,0.18599527897464943,0.055168081935623545,0.13275624404463085,0.07162126981274453,0.06478990082124704,0.05666516396038564,0.06183487582459822,0.08010181170451225,0.16105926960375364,0.14263128641979117,0.08686279139593216,0.08269050193108946,0.10139728158027922,0.16165910818446605,0.06518563248557928,0.08958352062091789,0.14575225036956543,0.074262143464796,0.11925858152885133,0.05954615252085905,0.16736085382163043,0.04914191294921602,0.12927337379603718,0.08584803897774482,0.16627108939990037,0.0769893064322592,0.11391359672975356],[0.04455080171333761,0.0634638559334488,0.06530935661307768,0.051922977198597356,0.07218022256843583,0.04620649666751811,0.0,0.15641613547344752,0.06702063233777436,0.06467997319178098,0.05025864311483268,0.06203337398574545,0.04940837292695028,0.059121311875976766,0.05847803542311564,0.05076070049704337,0.05209056525142563,0.04933233152452208,0.17472131547248318,0.06658436481258415,0.07494036396369914,0.14143845737660135,0.0524640702835528,0.10748501227670738,0.12171377584896108,0.08440466117173775,0.04792574269096053,0.06906323109588355,0.06039180163916787,0.05661904393953477,0.13495856497296657,0.04119162421234661,0.06336803983574125,0.12066013561138356,0.08871958990544436,0.10175866957577967,0.04130464172085713,0.05384050841971838,0.055149152893086244,0.059978938968154795,0.06052893795106248,0.13088850141128835,0.046691462805360066,0.06681059033495304,0.07737271612533592,0.15797369662875202,0.15036621705988282,0.12902311506460334,0.06649788397349132,0.07234671608365269,0.05551989107650011,0.07709484550274308,0.07770433089683433,0.04579438571641321,0.08351340231667906,0.06796908260181746,0.06836335132154682,0.15824656338308024,0.06093894221007538,0.1166644193604196,0.04604853287409414,0.050970865801329646,0.05372355822012863,0.0709002728025435,0.06010257219913777,0.13583350022648175,0.11322148964100733,0.05441405953184517,0.06573166632608987,0.07668044187543746,0.12674745937058668,0.0698681220208943,0.061313827868071547,0.11023320606662697,0.07065526852129145,0.1100366997346756,0.0421203271487417,0.14536391331492188,0.04787149391456566,0.11156802940952926,0.08117648350329011,0.13868065127864534,0.04813312593146324,0.08476997052782156],[0.18267588324562795,0.17913014027330235,0.13524376104652067,0.18209109564243828,0.1244567369005013,0.18119556359714326,0.15641613547344752,0.0,0.1194308637445856,0.19368159396020532,0.15151123787326243,0.13736573388821702,0.1524826813106904,0.1379438219337314,0.1771794823619663,0.17798747593949138,0.18062463505571427,0.1654032590375265,0.08463767865254808,0.13080826247557936,0.11238476071460766,0.06561825324418359,0.17321701727735023,0.10221044824884795,0.11851039138155274,0.20184632832994956,0.14844175429986997,0.13875066782873202,0.18792162437382834,0.12769053546412,0.11393362164739941,0.15812672722652168,0.11717057644150483,0.06311188610354991,0.21522571768264015,0.09266479637593629,0.16548210258866933,0.18481090558178734,0.1692885127762461,0.13695655503370063,0.1885558116950528,0.07524780437698482,0.14984141852045205,0.14854364350105673,0.0986978445116963,0.10752759023225915,0.13629086105996582,0.15352190369105456,0.13580270661191834,0.12185238540075964,0.18083439693736314,0.20417501803366497,0.14129367709060706,0.17398344685204706,0.1366346167541476,0.200579999713868,0.17573053868240074,0.06309643259237127,0.1953615900136188,0.08338972844086102,0.17238315470976454,0.17609634342171235,0.17003836253660867,0.19624190209071893,0.12047563446869744,0.05277914808692228,0.1223773564571739,0.1350079606835227,0.14067646643962387,0.10919992221117693,0.14468605877860458,0.20003209010594922,0.13576532188836432,0.12224746988935781,0.2038915897032086,0.08564464361150573,0.17689342314376455,0.07680246830940499,0.15951304947610065,0.09439638481822914,0.21012406838764033,0.1074715413987618,0.1421767518474067,0.21271899093246974],[0.08386855493338632,0.08020960230455697,0.0571747600697522,0.07952035659465759,0.06653417352819889,0.08539646447922625,0.06702063233777436,0.1194308637445856,0.0,0.08756249290991625,0.07716170208600402,0.06174133092902755,0.05851904309584857,0.0574151740287755,0.07311826282211953,0.07302575460617035,0.07402310267458244,0.05822383019528976,0.1459092055418808,0.07079919991267737,0.07240862799911835,0.09516818523748996,0.09502745575753861,0.08371604815956805,0.10209214212445457,0.10661104835858588,0.05026517936100772,0.08561863259653439,0.0810240293969072,0.06263142920575789,0.1215399661030773,0.05670994220870379,0.04932153076064761,0.07654340824507545,0.11766877556253587,0.061917371557903375,0.07435780559539766,0.07758653600454186,0.06548981540184795,0.05136767657087257,0.07897059342682723,0.10440548471159034,0.05750912722577808,0.07149837344192637,0.06427278621201,0.14066115214487854,0.1432984763689766,0.1311612073415253,0.0764612255492455,0.0629799516355562,0.08598201577970713,0.10735883340287963,0.04805914767302311,0.07577406975236647,0.08501904302477187,0.09283348812739457,0.07885539458295401,0.12599843449138623,0.09016764660633274,0.07118223036763302,0.07834904506204189,0.0823278672818894,0.0743061833131651,0.09038410130381086,0.04367800814126507,0.0949352711733784,0.10213073705239673,0.06705236396445675,0.08735164421115016,0.07748806632802714,0.12105174571121334,0.09613172907050846,0.07145828528860554,0.10005777219547302,0.09694726440444981,0.060578858104199614,0.07411292016218705,0.10704236315639942,0.055379264499631355,0.09054016182730033,0.10862918794751986,0.1250564569711146,0.06277437334997157,0.1203403256486443],[0.038426383503193905,0.03671807395990625,0.09639537620253841,0.0274205190111589,0.11432985150097175,0.05336516731872665,0.06467997319178098,0.19368159396020532,0.08756249290991625,0.0,0.0866327020934412,0.09656070780163231,0.0542992492959585,0.08479698420077969,0.037266851382310784,0.026587000097061303,0.056099627712709405,0.05056948969211088,0.2203671327150459,0.10464689590461755,0.11822837285646558,0.17309468533798172,0.06292195889034405,0.1522872303441647,0.1545961148895927,0.059864225352391,0.07341892200817639,0.08946405451792953,0.02986644612012024,0.09418780198267453,0.1851040955665073,0.04636221381022052,0.09605891636009878,0.1563418376774199,0.07071902972186406,0.138329717929891,0.04408226580584378,0.029798542451385433,0.03400067261946465,0.0888469052026104,0.020044462602365108,0.1788645055293097,0.06378745454569278,0.09813247999900013,0.12098749171354857,0.2073371439979545,0.197713482876765,0.17541747320570297,0.1114545564561816,0.09789989273263147,0.05646853709545929,0.05768388731989234,0.08724894192753066,0.04241317281042938,0.12768829196597717,0.024238127047226086,0.06037149833439291,0.19694264170191303,0.024641935157982055,0.15164309320674502,0.06834519552397009,0.0673086815766833,0.052288464409496284,0.027211567186593965,0.08946957818014811,0.17121855210894504,0.16047547160278514,0.09997055567248869,0.11707255354903759,0.1222333162142173,0.1725398169859421,0.04199628998577593,0.0968768674795129,0.15742195154881786,0.04620409267959423,0.12848036072859592,0.05366950522565758,0.18490078044843603,0.04526778130890174,0.1552718995338798,0.05586899144333934,0.18881147566863618,0.09290614546260087,0.08802220325102161],[0.06434055460745186,0.08902958428530122,0.04482826090167296,0.07238862934694558,0.05499206643072473,0.05852084545795098,0.05025864311483268,0.15151123787326243,0.07716170208600402,0.0866327020934412,0.0,0.04466059963697022,0.07110323819679334,0.05664043986641324,0.07242500416292809,0.07598896600915704,0.06919099291933133,0.06337113474122438,0.1734343578994037,0.04609066147133928,0.07438676410399356,0.13436307451616059,0.062426991603967884,0.10636418765584203,0.12868854454648113,0.10295732465060521,0.0632147521144602,0.06937325350428696,0.0839852414021992,0.07422559131176489,0.13115048639277588,0.057472370933020586,0.056732227183026715,0.11795738934233146,0.11338691512840925,0.09365259521892846,0.062461015408476275,0.07911289656461254,0.0746428711632503,0.06367241965100304,0.08329652319826984,0.1272610337014967,0.0632234778214464,0.05674259256762373,0.09017634632165442,0.15762460096912864,0.14980818159439258,0.13605143287522486,0.0801783445075304,0.0873889082513611,0.08599288074494613,0.10612525112955981,0.08070373561179935,0.06762740396781888,0.09636889737144064,0.09498517722251175,0.0950411093932819,0.16760987976148428,0.08599834194840553,0.10682208523628459,0.07135170133571564,0.07228303778828783,0.06808911414676758,0.09511349139784256,0.06687491755024584,0.13524505109986187,0.11329208018616904,0.061246129731164105,0.04784941554038309,0.06674495526407698,0.12774977500412057,0.09214043350984386,0.07576020407844729,0.11450822818696564,0.09831549893233307,0.10899184727789792,0.06897575273989653,0.14487884195871836,0.06337715770197204,0.09451623873948907,0.10614254294237467,0.13492077617877185,0.0491094401436517,0.11264316791511608],[0.07570388129071524,0.09661059992695864,0.024626774757634466,0.085372104639237,0.036123199069543505,0.0714664754499381,0.06203337398574545,0.13736573388821702,0.06174133092902755,0.09656070780163231,0.04466059963697022,0.0,0.07017566263317837,0.04095908011854109,0.07525938507428091,0.08309309104657696,0.08026795130546065,0.062153899788782725,0.14923185050405907,0.0410074944032982,0.05139776489004584,0.09924627868969024,0.08507038194742805,0.08213060434432365,0.11456415302783123,0.12404149814992027,0.06070108468112969,0.09153634641285806,0.09229200456812059,0.060110053231753766,0.10684962670318443,0.057278558869102894,0.032030189730704685,0.08835932408732408,0.13121556875861878,0.07814715541692517,0.07668667767342664,0.08705009155101968,0.07268175793797509,0.044633680818929836,0.08849781436790441,0.10141015673163664,0.06901527838265469,0.050058733977466685,0.06338965976592019,0.13200880347028282,0.13209299163095198,0.12741123594224943,0.07074337912859306,0.06915711209563404,0.0878034299284402,0.11389926776498613,0.06734550073960348,0.08065355923354955,0.07571183027909814,0.10464437380796142,0.10077481245795983,0.13627594724158912,0.09735458409891945,0.07673409119929424,0.0779452531378772,0.08135754598894006,0.07959085976299303,0.10270720760766962,0.03782292499311018,0.10701137702792168,0.09652819182296998,0.07192919270841405,0.0469959395739719,0.059409678356479506,0.12081592737401617,0.10528931420637982,0.0725838747965729,0.09738087965236707,0.10927835071404597,0.08555618271227765,0.0790992656537924,0.11594877959745005,0.06234435238740755,0.06681372929125465,0.12079869603678581,0.11034129782343356,0.043438861911451195,0.12638685312771966],[0.05433243212041819,0.04884060422506223,0.06754411707719186,0.05033570335487089,0.08282167011335363,0.05922547665244998,0.04940837292695028,0.1524826813106904,0.05851904309584857,0.0542992492959585,0.07110323819679334,0.07017566263317837,0.0,0.058546590118504785,0.0448848590084838,0.0474510280000419,0.05568428067218543,0.042654019432378516,0.1831717736010291,0.079373034579281,0.08765544116404188,0.13451434637746698,0.07883035016903166,0.11525632533728276,0.12008630339220336,0.0656786414991623,0.052842723871502614,0.0823029435292273,0.04167839786173807,0.06387349749994291,0.1496257461410985,0.031498605978238635,0.0650906723503692,0.11409752181269713,0.0789730135136097,0.10681607411926865,0.05160664273274733,0.04250150238463907,0.03709044187542652,0.06358994106259049,0.04990484377446395,0.14032043139845657,0.03138332634747577,0.07191585024703183,0.08146224553309842,0.1714564578022917,0.1652801020013825,0.14613312225670513,0.08697712072070646,0.06348632032253321,0.05379518171783999,0.0699690424757918,0.06140674711892942,0.053059829873093,0.09634685612288403,0.05996618168598147,0.06415323962977587,0.15626467002745253,0.04983936773221528,0.11346621310226844,0.058086247055972845,0.04580867419554479,0.036536896874708596,0.054468008994502264,0.06039893722854717,0.13128981957263317,0.12872462687917122,0.08357233592628206,0.08874848493955959,0.09197882245337019,0.14280594413316705,0.05028938784092314,0.07369291989369314,0.12358172814374124,0.06902417007492162,0.09418745395991004,0.04426770110388599,0.14617401581259176,0.029989290250303613,0.12107412394679083,0.06888901226076657,0.1521267275288438,0.06612596153747952,0.08995446790068005],[0.06921151362467969,0.08328764586172457,0.03409842959679349,0.0764490052131077,0.06192697747417431,0.06786693975039697,0.059121311875976766,0.1379438219337314,0.0574151740287755,0.08479698420077969,0.05664043986641324,0.04095908011854109,0.058546590118504785,0.0,0.065514295095565,0.07044200204288315,0.07099070442272051,0.05415861056118584,0.16167354023673128,0.04652688848406979,0.05433517131168663,0.11000464087027265,0.07790192749898035,0.09549466235449765,0.12216068460911579,0.10902065549786334,0.06333991020455357,0.0803326321345443,0.08340691005519524,0.06388707028235367,0.1264473536371279,0.049752891082415616,0.04392964529506284,0.09000859811770844,0.119049324695703,0.07871077080973214,0.06200177876138256,0.07658450341399188,0.06047517060412314,0.05379032539833709,0.07803705735582206,0.11485762837472384,0.06582099029160941,0.05491548165813184,0.06373412514752629,0.14791139793153,0.14849356650181006,0.1394405564154277,0.08060741761735273,0.0614680553742808,0.07577734414527716,0.10146783333785872,0.07458762360614062,0.07206736368469074,0.08326690674317536,0.09121947046017664,0.08081583369784368,0.14475929378048522,0.08546458108340513,0.08560671070515183,0.07804876499035163,0.07806725008964382,0.07236882481831695,0.09442054410940796,0.03661576185739491,0.11144513746272038,0.11283992996272403,0.06962049652309142,0.0632934630569982,0.06874951983322593,0.13437778079315155,0.0942837600799326,0.0758037896738843,0.10824438373251193,0.10085485836285348,0.0846004288956752,0.08042374712801538,0.12895977622800434,0.050101299163902095,0.08586595632230613,0.11271542512726243,0.12708686015749449,0.043970012832852595,0.12348110748605005],[0.038116942016722354,0.045672818196977716,0.07494242910466256,0.04397750584603613,0.09266620342604186,0.05685110179779314,0.05847803542311564,0.1771794823619663,0.07311826282211953,0.037266851382310784,0.07242500416292809,0.07525938507428091,0.0448848590084838,0.065514295095565,0.0,0.034527595175854395,0.054235414749236634,0.038604761798246734,0.20197732403799334,0.09063008533441219,0.09501958379272397,0.15129663118004882,0.07391697428706792,0.12910247338812222,0.1339219932330491,0.07317110792637752,0.05907626655412619,0.09096307197869259,0.037427793039784205,0.07876000352107464,0.16551252641342723,0.03749602278671688,0.07870973014824154,0.13223448668133747,0.08146439871829592,0.11508089143879614,0.04887628081275339,0.032910521454876066,0.02245935002687312,0.07681068996038978,0.02834592740206665,0.1598236507879681,0.05690875976165806,0.08303571959202816,0.10084547874130168,0.18838928446679487,0.18001127529624197,0.15942570390235863,0.09749229642971041,0.08018382921891715,0.054365912329763504,0.06594042738366584,0.06627340915753875,0.045231889096963594,0.11271466911608577,0.03980026984080108,0.05964429157461825,0.17703918007137096,0.04151512640064295,0.12865719662710723,0.05937904037073411,0.061423426738312886,0.0531661083130177,0.03796155433783631,0.06862309521922427,0.14837036789208363,0.14337803400384852,0.08839758995193808,0.10099339409821925,0.10563613297368371,0.15653962761686685,0.05445220230688607,0.0848860097400084,0.13670759271900404,0.052875289019243404,0.10813367053687588,0.050386340005373176,0.16562629756586078,0.03413623061769735,0.13549380515877602,0.0681999907207015,0.1703701941836323,0.07092294376419989,0.09067624655239807],[0.03664592395611429,0.03488689206668136,0.08438238131966126,0.022872266701906657,0.10077662057090529,0.047855530855207,0.05076070049704337,0.17798747593949138,0.07302575460617035,0.026587000097061303,0.07598896600915704,0.08309309104657696,0.0474510280000419,0.07044200204288315,0.034527595175854395,0.0,0.0580779052714121,0.04548579385177288,0.20439221786472256,0.09283681353044321,0.1025727468267272,0.15548877523521432,0.055621645568100495,0.13641969169439924,0.1392918893917931,0.06825706628175393,0.06331291932611165,0.07938536984054712,0.03536366341960361,0.07957083129133072,0.16888290789483898,0.0355400723319598,0.0804982657483639,0.13798647395202346,0.07820086599119472,0.12104327530233527,0.03279202807689229,0.030304239346529413,0.026970737729806717,0.07672200990594813,0.024630606355655515,0.16098589177682182,0.05463178982122326,0.0890031410179915,0.10304493525356705,0.19069060496746895,0.18260096243765822,0.16321603547471442,0.0970881637215173,0.08318624412755568,0.04798782598968861,0.059600763968330764,0.0763673156412924,0.03547303193747648,0.11353639775402956,0.03483311045191612,0.05037700187997288,0.1804803405018101,0.033683422287591636,0.13447863485079314,0.059193637340885216,0.06338784315817705,0.05021848206934748,0.03832679778901928,0.07093484700255988,0.15414797462575097,0.14660944746609153,0.08448792192507677,0.10393199318477718,0.1077260910460977,0.16151347360339444,0.05242201224693706,0.08178983853794884,0.14259496693305057,0.05019405894891544,0.11165972441304363,0.05035344399072536,0.16861061288163376,0.03375563409209773,0.13845731172427073,0.06501729686923488,0.17226728307194936,0.07898192968812927,0.08846716400480274],[0.05766341341382797,0.057936604847654186,0.08100865878376656,0.054596702537474166,0.08695635589676451,0.05515683909045943,0.05209056525142563,0.18062463505571427,0.07402310267458244,0.056099627712709405,0.06919099291933133,0.08026795130546065,0.05568428067218543,0.07099070442272051,0.054235414749236634,0.0580779052714121,0.0,0.045907007969172256,0.19724780811084347,0.0880211661570608,0.09930496820557658,0.15220222756062224,0.06362057658662351,0.12642076036530547,0.13328964601396717,0.060118294398214096,0.04370591561542153,0.09384623588910884,0.04542228293037125,0.08227815739812826,0.15822803701303598,0.05163401727197508,0.08462981718338704,0.13903255034799322,0.06642172980298536,0.11971338480539628,0.053059667299638645,0.050096737972894594,0.05303900182107521,0.07473891626771603,0.05120486484491179,0.15549788274556242,0.05136447676363142,0.08265425679774083,0.10730246125784852,0.18279970399520726,0.1717489327813955,0.14827266148958393,0.09156150262089313,0.08823774738878602,0.060822802977104254,0.062308687358598416,0.06730551804911057,0.057378724348332646,0.11063958373167884,0.055827351028379484,0.07739547849072016,0.17489443663775558,0.05161124081679787,0.1294683412487835,0.05961996602438541,0.06161098772046249,0.04987598094237625,0.05511145342458845,0.08347738961586451,0.15349133916169025,0.1320719964782081,0.08289083551980246,0.09816485697007972,0.10831237502870786,0.14170176736782636,0.056140935997432716,0.08453771013130283,0.13257699046942886,0.05212682827781307,0.11685987558069395,0.043001523793579785,0.15797825970466706,0.05352883282982429,0.1338391705040027,0.0642106359633417,0.16426161225165642,0.07988529227522709,0.08016240181347625],[0.04025203077981837,0.06082651196142854,0.06176432219170263,0.049354832019575315,0.07732905189335315,0.04248298592496208,0.04933233152452208,0.1654032590375265,0.05822383019528976,0.05056948969211088,0.06337113474122438,0.062153899788782725,0.042654019432378516,0.05415861056118584,0.038604761798246734,0.04548579385177288,0.045907007969172256,0.0,0.187171663302236,0.07110275579854322,0.0821344480296331,0.12975558347778018,0.05930027413524479,0.11864476593782855,0.12605150515397154,0.08348405142629892,0.04689901751503741,0.08620137782737941,0.04674963224109041,0.06935519077527964,0.14831880799425487,0.03332847329685322,0.06311660428845446,0.11973767523390307,0.09134246033354437,0.10606073485783092,0.0507519737602504,0.044919996378272826,0.033388939448243456,0.05087653772270186,0.04133733680511189,0.14047149933174974,0.050419869265373424,0.06312497459074026,0.09294121059711671,0.17253830265521125,0.16726967855452063,0.1534343774736507,0.08907920366106922,0.07060413396052728,0.060301164499428676,0.07790419755432204,0.04871965964661143,0.05300066360896263,0.09923312707498216,0.05675595367140904,0.07491741462193457,0.16357586151277995,0.05450954839939092,0.11095698028917832,0.061178759732588815,0.061964167595207995,0.05177902411455299,0.054102281972081806,0.059711028797274114,0.1363809400902371,0.12974072688188348,0.08606631948389634,0.08625796653877861,0.09619198401149832,0.1488431881751251,0.06408581540447654,0.08248062010897801,0.13029643319866593,0.06526890921175647,0.09361793995762174,0.047971872811224905,0.14640827828523634,0.03425811695481716,0.1154264701103175,0.07921727053170893,0.15290088419497264,0.06400741748999927,0.09982746893806141],[0.20598336634575687,0.20703184775810693,0.1527067231918114,0.21148555815665496,0.1330000113780649,0.20463659118574973,0.17472131547248318,0.08463767865254808,0.1459092055418808,0.2203671327150459,0.1734343578994037,0.14923185050405907,0.1831717736010291,0.16167354023673128,0.20197732403799334,0.20439221786472256,0.19724780811084347,0.187171663302236,0.0,0.15484751946289213,0.12577090834173915,0.10675246466653074,0.20651783618707142,0.09009566749876156,0.10425146323978421,0.23086676214636837,0.1613095995485566,0.1816794659045776,0.21424815178106635,0.13970327533533886,0.06524999499973413,0.18221303379128004,0.13951314009825935,0.10766136710626532,0.23751314855995803,0.11942688200738359,0.19756404588143156,0.20625308699665085,0.19962732370909905,0.16156844863491346,0.2131891953104059,0.07225027061241027,0.1757256397454278,0.16828347789699136,0.12182187504024598,0.04857498347311836,0.0760571595502452,0.11461337857961043,0.12803985431114026,0.1438192624658657,0.19715542544384754,0.2219487579698818,0.16160848304930622,0.19902218765896587,0.12073271186142408,0.22497369856454918,0.19665163328259444,0.08472941136358983,0.2199392988166277,0.10129930246480907,0.18338282998711203,0.19235807933849855,0.20014894670160419,0.2210715017214474,0.15048202494018914,0.09432433998493744,0.08613150424961043,0.1528823644485841,0.1515742764070621,0.12006538584569348,0.10477960548050304,0.22527667755819114,0.1450931770356594,0.09800611037343072,0.22324713887006145,0.13356614783871146,0.19285617279520434,0.06257208855612977,0.18830811414917392,0.10139694104341683,0.23300672391145358,0.0667834681847362,0.15113100267371413,0.2210330289051325],[0.08634105797560193,0.10584064136980123,0.02953177037381324,0.09116032143538802,0.05248966211595007,0.06957076076267574,0.06658436481258415,0.13080826247557936,0.07079919991267737,0.10464689590461755,0.04609066147133928,0.0410074944032982,0.079373034579281,0.04652688848406979,0.09063008533441219,0.09283681353044321,0.0880211661570608,0.07110275579854322,0.15484751946289213,0.0,0.06012336959998577,0.10340226036044219,0.07898397657083037,0.10004493991734066,0.1326515203596667,0.12751750205249462,0.0760999427358772,0.08769458788653074,0.1013697392378783,0.07785964872275712,0.12132337539781168,0.06661663340292949,0.04271047033426008,0.09716287811507203,0.13862681007367367,0.08174592823723724,0.07945262819360574,0.098426282491284,0.08557825079775848,0.0431537893218084,0.09803412424817792,0.10692404308668227,0.07556932452840964,0.041341136089188005,0.07909534488279674,0.143962655855707,0.14822636028706024,0.14734699913969504,0.08963958120103664,0.07914163396680061,0.10090031184135324,0.12533488142459978,0.08873204180901263,0.08642473433403258,0.09609119005914131,0.11387982296469107,0.11003820246149885,0.15143714107192932,0.10547100581278963,0.08056001630806654,0.09605016256281142,0.0932960816172607,0.08282419416199972,0.11381991038448444,0.05517234336352128,0.11432600255058724,0.11359930855257104,0.08006649320371033,0.047691659701283924,0.06485430757042224,0.13624850917682893,0.11259027564334316,0.09039378137974932,0.1184096133031945,0.12187820432575174,0.08859787412224034,0.09219444042585054,0.12700382854455303,0.07071290434591607,0.06575495560154553,0.12893342487094936,0.12277998052249571,0.06089918836019252,0.14151237788622342],[0.10560973636170211,0.11112877530494665,0.05326183865505915,0.10781411446966824,0.04867479724066811,0.09973856621728255,0.07494036396369914,0.11238476071460766,0.07240862799911835,0.11822837285646558,0.07438676410399356,0.05139776489004584,0.08765544116404188,0.05433517131168663,0.09501958379272397,0.1025727468267272,0.09930496820557658,0.0821344480296331,0.12577090834173915,0.06012336959998577,0.0,0.08837067107196218,0.10686221298515597,0.06525234923430813,0.09708712128133277,0.13943309697346795,0.07506725453255941,0.1092210054478142,0.11464369413023721,0.06657780791733654,0.08966942953127348,0.08189667023304059,0.05011026223766269,0.07094361759519698,0.14845856349348563,0.07066286279741954,0.0953122477929214,0.11001867907018459,0.09383968151072732,0.06264146995124242,0.11141228639267943,0.08178985638900567,0.08382436592242443,0.07626085773183987,0.058566365835346815,0.10944982370759541,0.1172682978118006,0.11866951763168306,0.07583040992750098,0.07196187034262862,0.1071870647475098,0.13293411635672064,0.08287526855749437,0.09847376096588177,0.08490020616613653,0.12308394612870208,0.1063418230389859,0.1182445740360032,0.11716742162533413,0.07118163205355235,0.09573620555120868,0.10456547279784698,0.10154749389597653,0.12374632838991914,0.04999854156013649,0.08437741132049276,0.09111050616644502,0.07341420492693335,0.06586571338916317,0.06995605746989852,0.11116472838454361,0.12863721921516805,0.0766414691225435,0.08146344207180052,0.12789068033281054,0.07158875628191513,0.09907348613794577,0.09857195890360494,0.0852424676569821,0.05158239430286535,0.1391682021690693,0.09411200231711823,0.0557316217469067,0.14361250610309878],[0.1603430709888373,0.16804961456820344,0.09769778522242688,0.1630168107628079,0.08997896975077635,0.15142478261389553,0.14143845737660135,0.06561825324418359,0.09516818523748996,0.17309468533798172,0.13436307451616059,0.09924627868969024,0.13451434637746698,0.11000464087027265,0.15129663118004882,0.15548877523521432,0.15220222756062224,0.12975558347778018,0.10675246466653074,0.10340226036044219,0.08837067107196218,0.0,0.17022916696728,0.08393247451431941,0.11731582674896725,0.19382854